Version 0.9.7
5
 4 10 175 77 128 0 1
 5 80 400 206 81 2 2
 0 110 110 877 276 8 3
 3 361 412 203 58 140 4
 1 106 410 206 81 149 5
 0
17
 0 5 71 288 71 288 76 288 76 479 121 479 121 479 0 1 0 5
 0 5 71 249 71 249 60 249 60 124 163 124 163 124 0 1 0 3
 255 5 71 228 71 228 93 228 93 421 121 421 121 421 0 1 0 5
 255 5 71 189 71 189 98 189 98 137 163 137 163 137 0 1 0 3
 16711680 5 162 421 162 421 162 371 162 371 163 371 163 371 0 5 0 3
 255 5 176 137 176 137 176 159 163 159 163 176 163 176 0 3 0 3
 0 5 241 280 241 280 241 280 267 280 267 280 267 280 0 3 0 3
 0 5 267 267 267 267 267 267 267 228 267 228 267 228 0 3 0 3
 0 5 267 176 267 176 267 176 267 124 267 124 267 124 0 3 0 3
 32768 5 181 421 181 421 179 421 179 358 176 358 176 358 0 5 0 3
 16711680 5 202 371 202 371 202 341 163 341 163 319 163 319 0 3 0 3
 32768 5 176 319 176 319 176 328 215 328 215 358 215 358 0 3 0 3
 128 5 189 306 189 306 189 306 345 306 345 306 345 306 0 3 0 3
 128 5 345 319 345 319 345 480 407 480 407 456 407 456 0 3 0 4
 65793 5 371 124 371 124 371 124 371 176 371 176 371 176 0 3 0 3
 65793 5 371 228 371 228 371 228 371 267 371 267 371 267 0 3 0 3
 65793 5 371 319 371 319 371 449 371 449 372 449 372 449 0 3 0 4
1
 7008 1 14 157 228 5 0 8583336 23200672 3
