Version 0.9.7
5
 4 12 124 77 128 0 1
 5 80 400 206 81 2 2
 0 147 73 877 276 8 3
 1 146 377 206 81 140 4
 3 420 380 203 58 160 6
 0
19
 0 5 73 237 73 237 73 446 73 446 161 446 161 446 0 1 0 4
 0 5 73 198 73 198 61 198 61 87 200 87 200 87 0 1 0 3
 255 5 161 388 161 388 100 388 100 177 73 177 73 177 0 4 0 1
 255 5 73 138 73 138 73 101 200 101 200 100 200 100 0 1 0 3
 255 5 213 100 213 100 213 100 213 139 213 139 213 139 0 3 0 3
 0 5 291 243 291 243 291 243 317 243 317 243 317 243 0 3 0 3
 0 5 317 230 317 230 317 230 317 191 317 191 317 191 0 3 0 3
 0 5 317 139 317 139 317 139 317 87 317 87 317 87 0 3 0 3
 0 5 431 417 431 417 431 416 421 416 421 282 421 282 0 6 0 3
 0 5 421 230 421 230 421 230 421 191 421 191 421 191 0 3 0 3
 0 5 421 139 421 139 421 139 421 87 421 87 421 87 0 3 0 3
 16711680 5 202 388 202 388 201 388 201 334 200 334 200 334 0 4 0 3
 32768 5 221 388 221 388 221 363 212 363 212 321 213 321 0 4 0 3
 16711680 5 226 334 226 305 212 305 212 282 213 282 213 282 0 3 0 3
 32768 5 239 321 239 321 239 297 226 297 226 282 226 282 0 3 0 3
 65535 5 239 243 239 243 239 243 252 243 252 243 252 243 0 3 0 3
 33023 5 240 388 240 388 240 347 265 347 265 282 265 282 0 4 0 3
 128 5 278 269 278 269 278 269 447 269 447 269 447 269 0 3 0 3
 128 5 466 424 466 424 454 424 454 282 447 282 447 282 0 6 0 3
1
 7008 1 14 207 191 5 0 8583336 23200672 3
