Version 0.9.7
5
 4 10 111 77 128 0 1
 5 80 400 206 81 2 2
 0 136 59 877 276 8 3
 1 132 357 206 81 140 4
 3 397 360 203 58 150 5
 0
22
 255 5 71 164 71 164 112 164 112 368 147 368 147 368 0 1 0 4
 255 5 71 125 71 125 71 125 71 86 189 86 189 86 0 1 0 3
 0 5 71 224 71 224 71 426 71 426 147 426 147 426 0 1 0 4
 0 5 71 185 71 185 59 185 59 73 189 73 189 73 0 1 0 3
 0 5 267 229 267 229 267 229 280 229 280 229 280 229 0 3 0 3
 0 5 280 216 280 216 280 216 280 177 280 177 280 177 0 3 0 3
 0 5 280 125 280 125 280 125 280 73 280 73 280 73 0 3 0 3
 0 5 410 229 410 229 410 229 423 229 423 229 423 229 0 3 0 3
 0 5 423 216 423 216 423 216 423 177 423 177 423 177 0 3 0 3
 0 5 423 125 423 125 423 125 423 73 423 73 423 73 0 3 0 3
 255 5 202 86 202 86 202 108 189 108 189 125 189 125 0 3 0 3
 255 5 332 125 332 125 332 125 332 86 332 86 332 86 0 3 0 3
 0 5 423 268 423 268 424 268 424 340 408 340 408 397 0 3 0 5
 16711680 5 188 368 188 368 188 320 188 320 189 320 189 320 0 4 0 3
 32768 5 202 307 202 307 202 368 202 368 207 368 207 368 0 3 0 4
 16711680 5 215 320 211 320 211 287 189 287 189 268 189 268 0 3 0 3
 32768 5 228 307 221 307 221 278 202 278 202 268 202 268 0 3 0 3
 33023 5 226 368 226 348 236 348 236 268 228 268 228 268 0 4 0 3
 8388736 5 245 368 245 368 249 368 249 268 241 268 241 268 0 4 0 3
 128 5 215 242 215 242 215 242 332 242 332 242 332 242 0 3 0 3
 128 5 254 255 254 255 254 255 345 255 345 255 345 255 0 3 0 3
 65535 5 358 268 358 268 358 416 443 416 443 404 443 404 0 3 0 5
2
 7008 1 14 183 177 5 0 8583336 23200672 3
 7008 1 14 326 177 5 0 8583336 23200672 3
