Version 0.9.7
5
 4 10 101 77 128 0 1
 5 80 400 206 81 2 2
 0 115 30 877 276 8 3
 3 406 328 203 58 140 4
 1 110 321 206 81 149 5
 0
21
 255 5 71 115 71 115 71 57 71 57 168 57 168 57 0 1 0 3
 255 5 71 154 71 154 101 154 101 332 125 332 125 332 0 1 0 5
 255 5 181 57 181 57 181 76 168 76 168 96 168 96 0 3 0 3
 255 5 324 96 324 96 324 96 324 57 324 57 324 57 0 3 0 3
 0 5 246 200 246 200 246 200 259 200 259 200 259 200 0 3 0 3
 0 5 259 187 259 187 259 187 259 148 259 148 259 148 0 3 0 3
 0 5 259 96 259 96 259 96 259 44 259 44 259 44 0 3 0 3
 0 5 402 200 402 200 402 200 415 200 415 200 415 200 0 3 0 3
 0 5 415 187 415 187 415 187 415 148 415 148 415 148 0 3 0 3
 0 5 415 96 415 96 415 96 415 44 415 44 415 44 0 3 0 3
 0 5 71 214 71 214 71 390 71 390 125 390 125 390 0 1 0 5
 0 5 71 175 71 175 60 175 60 44 168 44 168 44 0 1 0 3
 0 5 417 365 417 365 415 365 415 365 415 239 415 239 0 4 0 3
 16711680 5 166 332 166 332 166 291 166 291 168 291 168 291 0 5 0 3
 16711680 5 194 291 194 291 194 259 168 259 168 239 168 239 0 3 0 3
 32768 5 185 332 185 332 182 332 182 278 181 278 181 278 0 5 0 3
 32768 5 207 278 207 278 207 249 181 249 181 239 181 239 0 3 0 3
 33023 5 204 332 204 332 224 332 224 239 220 239 220 239 0 5 0 3
 65535 5 194 226 194 226 194 226 207 226 207 226 207 226 0 3 0 3
 128 5 233 226 233 226 233 226 324 226 324 226 324 226 0 3 0 3
 8388736 5 337 226 353 226 353 395 452 395 452 372 452 372 0 3 0 4
2
 7008 1 14 162 148 5 0 8583336 22774784 3
 7004 1 14 318 148 5 0 8583336 22774784 3
