Version 0.9.7
6
 4 15 116 77 128 0 1
 5 80 400 206 81 2 2
 0 136 33 877 276 8 3
 1 130 326 206 81 140 4
 3 653 317 203 58 150 6
 1 355 331 206 81 159 8
 0
68
 0 5 267 203 267 203 267 203 280 203 280 203 280 203 0 3 0 3
 0 5 280 190 280 190 280 190 280 151 280 151 280 151 0 3 0 3
 0 5 280 99 280 99 280 99 280 47 280 47 280 47 0 3 0 3
 255 5 202 60 202 60 202 81 189 81 189 99 189 99 0 3 0 3
 255 5 76 169 76 169 105 169 105 337 145 337 145 337 0 1 0 4
 0 5 76 229 76 229 86 229 86 395 145 395 145 395 0 1 0 4
 0 5 76 216 66 216 66 417 370 417 370 400 370 400 0 1 0 8
 255 5 76 156 123 156 123 321 370 321 370 342 370 342 0 1 0 8
 255 5 76 130 76 130 76 60 76 60 189 60 189 60 0 1 0 3
 0 5 76 190 76 190 63 190 63 47 189 47 189 47 0 1 0 3
 16711680 5 186 337 186 337 186 242 186 242 189 242 189 242 0 4 0 3
 32768 5 205 337 205 337 205 242 205 242 202 242 202 242 0 4 0 3
 33023 5 224 337 224 337 224 242 224 242 228 242 228 242 0 4 0 3
 128 5 243 337 243 337 243 242 243 242 241 242 241 242 0 4 0 3
 8388736 5 262 337 262 337 260 337 260 262 293 262 293 242 0 4 0 3
 16711808 5 281 337 281 337 281 276 304 276 304 242 306 242 0 4 0 3
 8388736 5 293 190 293 190 293 190 293 151 293 151 293 151 0 3 0 3
 8388736 5 202 138 202 138 202 131 293 131 293 138 293 138 0 3 0 3
 16711808 5 306 190 306 190 306 190 306 151 306 151 306 151 0 3 0 3
 16711808 5 306 125 306 125 306 116 215 116 215 125 215 125 0 3 0 3
 16512 5 300 337 300 337 300 288 319 288 319 242 319 242 0 4 0 3
 16512 5 319 190 319 190 319 190 319 151 319 151 319 151 0 3 0 3
 16512 5 241 112 241 112 241 105 319 105 319 112 319 112 0 3 0 3
 8421440 5 319 337 319 337 319 297 332 297 332 242 332 242 0 4 0 3
 8421440 5 332 151 332 151 332 151 332 190 332 190 332 190 0 3 0 3
 8421440 5 254 99 254 99 254 93 332 93 332 99 332 99 0 3 0 3
 12632256 5 411 342 411 342 383 342 383 295 358 295 358 242 0 8 0 3
 32896 5 430 342 421 342 421 283 371 283 371 242 371 242 0 8 0 3
 65535 5 449 342 449 342 440 342 440 268 397 268 397 242 0 8 0 3
 4259584 5 468 342 458 342 458 259 410 259 410 242 410 242 0 8 0 3
 0 5 436 203 436 203 436 203 449 203 449 203 449 203 0 3 0 3
 0 5 449 190 449 190 449 190 449 151 449 151 449 151 0 3 0 3
 0 5 449 99 449 99 449 99 449 47 449 47 449 47 0 3 0 3
 0 5 592 203 592 203 592 203 605 203 605 203 605 203 0 3 0 3
 0 5 605 190 605 190 605 190 605 151 605 151 605 151 0 3 0 3
 0 5 605 99 605 99 605 99 605 47 605 47 605 47 0 3 0 3
 255 5 358 60 358 60 358 60 358 99 358 99 358 99 0 3 0 3
 255 5 514 60 514 60 514 60 514 99 514 99 514 99 0 3 0 3
 8421631 5 215 216 215 216 215 232 514 232 514 216 514 216 0 3 0 3
 8421631 5 254 229 254 229 254 243 527 243 527 229 527 229 0 3 0 3
 8421631 5 228 138 228 138 228 138 228 138 371 138 371 138 0 3 0 3
 8421631 5 267 125 267 125 267 125 267 125 384 125 384 125 0 3 0 3
 16744448 5 384 216 384 216 384 207 462 207 462 216 462 216 0 3 0 3
 16744448 5 462 190 462 190 462 190 462 151 462 151 462 151 0 3 0 3
 16744448 5 410 138 410 138 410 132 462 132 462 138 462 138 0 3 0 3
 16744448 5 423 229 423 229 423 222 475 222 475 229 475 229 0 3 0 3
 16744448 5 475 190 475 190 475 190 475 151 475 151 475 151 0 3 0 3
 16744448 5 423 125 423 125 423 118 475 118 475 125 475 125 0 3 0 3
 8421504 5 540 216 540 216 540 216 553 216 553 216 553 216 0 3 0 3
 8421504 5 397 112 397 112 397 99 618 99 618 112 618 112 0 3 0 3
 8421504 5 618 151 618 151 618 151 618 190 618 190 618 190 0 3 0 3
 8421504 5 618 216 618 216 618 216 618 216 566 216 566 216 0 3 0 3
 16744703 5 436 112 436 112 436 108 527 108 527 112 527 112 0 3 0 3
 16744703 5 487 342 487 342 487 263 631 263 631 242 631 242 0 8 0 3
 16744703 5 631 190 631 190 631 190 631 151 631 151 631 151 0 3 0 3
 16744703 5 540 138 540 138 540 137 631 137 631 138 631 138 0 3 0 3
 16776960 5 579 229 579 229 579 228 644 228 644 229 644 229 0 3 0 3
 16776960 5 644 190 644 190 644 190 644 151 644 151 644 151 0 3 0 3
 16776960 5 566 125 566 125 566 117 644 117 644 125 644 125 0 3 0 3
 16776960 5 553 112 553 112 553 108 579 108 579 112 579 112 0 3 0 3
 0 5 748 203 748 203 748 203 761 203 761 203 761 203 0 3 0 3
 0 5 761 190 761 190 761 190 761 151 761 151 761 151 0 3 0 3
 0 5 761 99 761 99 761 99 761 47 761 47 761 47 0 3 0 3
 255 5 670 99 670 99 670 99 670 60 670 60 670 60 0 3 0 3
 12615808 5 592 125 592 125 592 125 657 125 657 125 657 125 0 3 0 3
 12615808 5 683 203 683 203 682 203 682 361 699 361 699 361 0 3 0 6
 12615808 5 657 151 657 151 657 203 657 203 670 203 670 203 0 3 0 3
 0 5 664 354 664 354 664 412 872 412 872 242 761 242 0 6 0 3
4
 7008 1 14 183 151 5 0 8583336 22774784 3
 7008 1 14 352 151 5 0 8583336 21932352 3
 7008 1 14 508 151 5 0 8583336 21932352 3
 7004 1 14 664 151 5 0 8583336 21932352 3
