Version 0.9.7
5
 4 9 111 77 128 0 1
 5 80 400 206 81 2 2
 0 138 44 877 276 8 3
 3 571 342 203 58 140 4
 1 133 340 206 81 159 6
 0
43
 0 5 70 224 70 224 70 409 70 409 148 409 148 409 0 1 0 6
 0 5 70 185 70 185 57 185 57 58 191 58 191 58 0 1 0 3
 255 5 70 164 70 164 97 164 97 351 148 351 148 351 0 1 0 6
 255 5 70 125 70 125 70 70 191 70 191 71 191 71 0 1 0 3
 255 5 204 71 204 71 204 86 191 86 191 110 191 110 0 3 0 3
 0 5 269 214 269 214 269 214 282 214 282 214 282 214 0 3 0 3
 0 5 282 201 282 201 282 201 282 162 282 162 282 162 0 3 0 3
 0 5 282 110 282 110 282 110 282 58 282 58 282 58 0 3 0 3
 16711680 5 189 351 189 351 192 351 192 253 191 253 191 253 0 6 0 3
 32768 5 208 351 208 351 208 253 208 253 204 253 204 253 0 6 0 3
 33023 5 227 351 227 351 227 253 227 253 230 253 230 253 0 6 0 3
 128 5 246 351 246 351 246 253 246 253 243 253 243 253 0 6 0 3
 8388736 5 265 351 265 351 265 276 295 276 295 253 295 253 0 6 0 3
 8388736 5 295 162 295 162 295 162 295 201 295 201 295 201 0 3 0 3
 8388736 5 204 149 204 149 204 142 295 142 295 149 295 149 0 3 0 3
 16711808 5 284 351 284 351 284 298 308 298 308 253 308 253 0 6 0 3
 16711808 5 308 201 308 201 308 201 308 162 308 162 308 162 0 3 0 3
 16711808 5 308 136 308 136 308 128 217 128 217 136 217 136 0 3 0 3
 8388863 5 303 351 303 351 303 316 319 316 319 253 321 253 0 6 0 3
 8388863 5 321 201 321 201 321 201 321 162 321 162 321 162 0 3 0 3
 8388863 5 243 123 243 123 243 115 321 115 321 123 321 123 0 3 0 3
 8421504 5 322 351 322 329 333 329 333 253 334 253 334 253 0 6 0 3
 8421504 5 334 201 334 201 334 201 334 162 334 162 334 162 0 3 0 3
 8421504 5 256 110 256 110 256 104 334 104 334 110 334 110 0 3 0 3
 65535 5 217 227 217 227 217 221 360 221 360 227 360 227 0 3 0 3
 65535 5 256 227 256 227 256 232 373 232 373 227 373 227 0 3 0 3
 65535 5 230 149 230 149 230 149 373 149 373 149 373 149 0 3 0 3
 65535 5 269 136 269 136 269 136 386 136 386 136 386 136 0 3 0 3
 255 5 360 110 360 110 360 110 360 71 360 71 360 71 0 3 0 3
 65793 5 438 214 438 214 438 214 451 214 451 214 451 214 0 3 0 3
 65793 5 451 201 451 201 451 201 451 162 451 162 451 162 0 3 0 3
 65793 5 451 110 451 110 451 110 451 58 451 58 451 58 0 3 0 3
 16512 5 386 214 386 214 386 214 399 214 399 214 399 214 0 3 0 3
 16512 5 399 149 399 149 399 149 464 149 464 149 464 149 0 3 0 3
 16512 5 464 162 464 162 464 162 464 201 464 201 464 201 0 3 0 3
 16512 5 464 227 464 227 464 227 412 227 412 227 412 227 0 3 0 3
 0 5 568 214 568 214 568 214 581 214 581 214 581 214 0 3 0 3
 0 5 581 201 581 201 581 201 581 162 581 162 581 162 0 3 0 3
 0 5 581 110 581 110 581 110 581 58 581 58 581 58 0 3 0 3
 255 5 490 110 490 110 490 110 490 71 490 71 490 71 0 3 0 3
 16776960 5 425 240 425 240 425 240 490 240 490 240 490 240 0 3 0 3
 16776960 5 503 240 503 240 503 398 617 398 617 386 617 386 0 3 0 4
 0 5 582 379 582 379 581 379 581 379 581 253 581 253 0 4 0 3
3
 7008 1 14 185 162 5 0 8583336 22774784 3
 7008 1 14 354 162 5 0 8583336 22774784 3
 7004 1 14 484 162 5 0 8583336 22774784 3
