Version 0.9.7
5
 4 9 94 77 128 0 1
 5 80 400 206 81 2 2
 0 113 33 877 276 8 3
 1 110 342 206 81 140 4
 3 352 343 203 58 150 5
 0
19
 255 5 70 108 70 108 70 60 70 60 166 60 166 60 0 1 0 3
 255 5 70 147 70 147 103 147 103 353 125 353 125 353 0 1 0 4
 0 5 70 207 70 207 70 411 70 411 125 411 125 411 0 1 0 4
 0 5 70 168 70 168 58 168 58 47 166 47 166 47 0 1 0 3
 0 5 244 203 244 203 244 203 257 203 257 203 257 203 0 3 0 3
 0 5 257 190 257 190 257 190 257 151 257 151 257 151 0 3 0 3
 0 5 257 99 257 99 257 99 257 47 257 47 257 47 0 3 0 3
 0 5 387 203 387 203 387 203 400 203 400 203 400 203 0 3 0 3
 0 5 400 190 400 190 400 190 400 151 400 151 400 151 0 3 0 3
 0 5 400 99 400 99 400 99 400 47 400 47 400 47 0 3 0 3
 255 5 179 60 179 60 179 82 166 82 166 99 166 99 0 3 0 3
 255 5 309 99 309 99 309 99 309 60 309 60 309 60 0 3 0 3
 0 5 363 380 363 380 363 330 400 330 400 216 400 216 0 5 0 3
 16711680 5 166 353 166 353 166 353 166 294 166 294 166 294 0 4 0 3
 32768 5 185 353 185 353 185 353 179 353 179 281 179 281 0 4 0 3
 32768 5 205 281 205 281 205 254 179 254 179 242 179 242 0 3 0 3
 16711680 5 192 294 193 294 193 265 166 265 166 242 166 242 0 3 0 3
 128 5 192 216 192 216 192 216 309 216 309 216 309 216 0 3 0 3
 65535 5 322 216 322 216 340 216 340 410 398 410 398 387 0 3 0 5
2
 7008 1 14 160 151 5 0 8583336 23200672 3
 7004 1 14 303 151 5 0 8583336 23200672 3
