Version 0.9.7
5
 4 13 121 77 128 0 1
 5 80 400 206 81 2 2
 0 139 39 877 276 8 3
 1 136 345 206 81 140 4
 3 556 333 203 58 183 6
 0
27
 255 5 74 135 74 135 74 66 74 66 192 66 192 66 0 1 0 3
 255 5 74 174 74 174 117 174 117 356 151 356 151 356 0 1 0 4
 0 5 74 234 74 234 74 414 74 414 151 414 151 414 0 1 0 4
 0 5 74 195 74 195 64 195 64 53 192 53 192 53 0 1 0 3
 0 5 270 209 270 209 270 209 283 209 283 209 283 209 0 3 0 3
 0 5 283 196 283 196 283 196 283 157 283 157 283 157 0 3 0 3
 0 5 283 105 283 105 283 105 283 53 283 53 283 53 0 3 0 3
 0 5 413 209 413 209 413 209 426 209 426 209 426 209 0 3 0 3
 0 5 426 196 426 196 426 196 426 157 426 157 426 157 0 3 0 3
 0 5 426 105 426 105 426 105 426 53 426 53 426 53 0 3 0 3
 0 5 556 209 556 209 556 209 569 209 569 209 569 209 0 3 0 3
 0 5 569 196 569 196 569 196 569 157 569 157 569 157 0 3 0 3
 0 5 569 105 569 105 569 105 569 53 569 53 569 53 0 3 0 3
 255 5 205 66 205 83 196 83 196 105 192 105 192 105 0 3 0 3
 255 5 335 66 335 66 335 66 335 105 335 105 335 105 0 3 0 3
 255 5 478 66 478 66 478 66 478 105 478 105 478 105 0 3 0 3
 0 5 569 248 569 248 569 370 569 370 567 370 567 370 0 3 0 6
 16711680 5 192 356 192 356 192 356 192 300 192 300 192 300 0 4 0 3
 16711680 5 218 300 218 300 218 266 192 266 192 248 192 248 0 3 0 3
 32768 5 211 356 211 356 211 287 211 287 205 287 205 287 0 4 0 3
 32768 5 231 287 231 287 231 257 205 257 205 248 205 248 0 3 0 3
 33023 5 230 356 230 316 240 316 240 252 231 252 231 248 0 4 0 3
 128 5 249 356 249 356 252 356 252 251 244 251 244 248 0 4 0 3
 8388863 5 218 222 218 222 218 222 218 222 335 222 335 222 0 3 0 3
 8388863 5 257 235 257 235 257 235 348 235 348 235 348 235 0 3 0 3
 128 5 361 248 361 248 361 248 478 248 478 248 478 248 0 3 0 3
 16711808 5 491 248 491 248 491 398 602 398 602 377 602 377 0 3 0 6
3
 7008 1 14 186 157 5 0 8583336 22774784 3
 7008 1 14 329 157 5 0 8583336 22774784 3
 7004 1 14 472 157 5 0 8583336 22774784 3
