Version 0.9.7
5
 4 11 119 77 128 0 1
 5 80 400 206 81 2 2
 0 114 35 877 276 8 3
 3 388 335 203 58 140 4
 1 117 335 206 81 149 5
 0
21
 0 5 72 232 72 232 72 404 72 404 132 404 132 404 0 1 0 5
 255 5 72 172 72 172 96 172 96 346 132 346 132 346 0 1 0 5
 255 5 72 133 72 133 72 62 72 62 167 62 167 62 0 1 0 3
 65793 5 72 193 72 193 59 193 59 49 167 49 167 49 0 1 0 3
 65793 5 245 205 245 205 245 205 258 205 258 205 258 205 0 3 0 3
 65793 5 258 192 258 192 258 192 258 153 258 153 258 153 0 3 0 3
 65793 5 258 101 258 101 258 101 258 49 258 49 258 49 0 3 0 3
 65793 5 388 205 388 205 388 205 401 205 401 205 401 205 0 3 0 3
 65793 5 401 192 401 192 401 192 401 153 401 153 401 153 0 3 0 3
 65793 5 401 101 401 101 401 101 401 49 401 49 401 49 0 3 0 3
 255 5 180 62 180 83 171 83 171 101 167 101 167 101 0 3 0 3
 255 5 310 62 310 62 310 62 310 101 310 101 310 101 0 3 0 3
 0 5 401 244 401 244 401 372 401 372 399 372 399 372 0 3 0 4
 16711680 5 173 346 173 346 167 346 167 346 167 283 167 283 0 5 0 3
 32768 5 192 346 192 346 180 346 180 346 180 296 180 296 0 5 0 3
 32768 5 206 296 206 296 206 252 180 252 180 244 180 244 0 3 0 3
 16711680 5 193 283 193 283 193 262 167 262 167 244 167 244 0 3 0 3
 33023 5 211 346 211 346 214 346 214 244 206 244 206 244 0 5 0 3
 65535 5 193 231 193 231 193 231 219 231 219 231 219 231 0 3 0 3
 128 5 232 218 232 218 232 218 310 218 310 218 310 218 0 3 0 3
 128 5 323 218 323 218 352 218 352 397 434 397 434 379 0 3 0 4
2
 7032 1 14 161 153 5 0 8583336 21932352 3
 7004 1 14 304 153 5 0 8583336 21932352 3
