Version 0.9.7
5
 4 10 109 77 128 0 1
 5 80 400 206 81 2 2
 0 120 37 877 276 8 3
 1 119 357 206 81 140 4
 3 451 321 203 58 160 6
 0
29
 255 5 71 123 71 123 71 64 71 64 173 64 173 64 0 1 0 3
 255 5 71 162 71 162 104 162 104 368 134 368 134 368 0 1 0 4
 0 5 71 222 71 222 71 426 71 426 134 426 134 426 0 1 0 4
 0 5 71 183 71 183 59 183 59 51 173 51 173 51 0 1 0 3
 0 5 251 207 251 207 251 207 264 207 264 207 264 207 0 3 0 3
 0 5 264 194 264 194 264 194 264 155 264 155 264 155 0 3 0 3
 0 5 264 103 264 103 264 103 264 51 264 51 264 51 0 3 0 3
 255 5 173 103 173 103 174 103 174 85 186 85 186 64 0 3 0 3
 32768 5 194 368 194 368 194 298 194 298 186 298 186 298 0 4 0 3
 16711680 5 175 368 175 368 175 285 175 285 173 285 173 285 0 4 0 3
 16711680 5 199 285 199 285 199 263 173 263 173 246 173 246 0 3 0 3
 32768 5 212 298 212 298 211 298 211 254 186 254 186 246 0 3 0 3
 33023 5 213 368 213 368 221 368 221 246 212 246 212 246 0 4 0 3
 128 5 232 368 232 368 237 368 237 246 225 246 225 246 0 4 0 3
 0 5 381 207 381 207 381 207 394 207 394 207 394 207 0 3 0 3
 0 5 394 194 394 194 394 194 394 155 394 155 394 155 0 3 0 3
 0 5 394 103 394 103 394 103 394 51 394 51 394 51 0 3 0 3
 0 5 511 207 511 207 511 207 524 207 524 207 524 207 0 3 0 3
 0 5 524 194 524 194 524 194 524 155 524 155 524 155 0 3 0 3
 0 5 524 103 524 103 524 103 524 51 524 51 524 51 0 3 0 3
 255 5 303 64 303 64 303 64 303 103 303 103 303 103 0 3 0 3
 255 5 433 64 433 64 433 64 433 103 433 103 433 103 0 3 0 3
 65535 5 199 220 199 220 199 220 303 220 303 220 303 220 0 3 0 3
 65535 5 238 233 238 233 238 233 316 233 316 233 316 233 0 3 0 3
 16711935 5 251 368 251 368 251 317 355 317 355 246 355 246 0 4 0 3
 4210688 5 329 220 329 220 329 220 342 220 342 220 342 220 0 3 0 3
 0 5 524 246 524 246 524 313 462 313 462 358 462 358 0 3 0 6
 8388863 5 368 220 368 220 368 220 433 220 433 220 433 220 0 3 0 3
 8388863 5 446 220 446 220 446 386 497 386 497 365 497 365 0 3 0 6
3
 7032 1 14 167 155 5 0 8583336 21932352 3
 7032 1 14 297 155 5 0 8583336 21932352 3
 7004 1 14 427 155 5 0 8583336 21932352 3
