Version 0.9.7
5
 4 10 91 77 128 0 1
 5 80 400 206 81 2 2
 0 110 29 877 276 8 3
 1 108 333 206 81 140 4
 3 385 337 203 58 150 5
 0
19
 0 5 71 204 71 204 71 402 71 402 123 402 123 402 0 1 0 4
 0 5 71 165 71 165 58 165 58 43 163 43 163 43 0 1 0 3
 255 5 71 144 71 144 98 144 98 344 123 344 123 344 0 1 0 4
 255 5 71 105 71 105 71 56 71 56 163 56 163 56 0 1 0 3
 255 5 176 56 176 56 176 79 163 79 163 95 163 95 0 3 0 3
 255 5 306 56 306 56 306 56 306 95 306 95 306 95 0 3 0 3
 0 5 241 199 241 199 241 199 254 199 254 199 254 199 0 3 0 3
 0 5 254 186 254 186 254 186 254 147 254 147 254 147 0 3 0 3
 0 5 254 95 254 95 254 95 254 43 254 43 254 43 0 3 0 3
 0 5 384 199 384 199 384 199 397 199 397 199 397 199 0 3 0 3
 0 5 397 147 397 147 397 147 397 186 397 186 397 186 0 3 0 3
 0 5 397 95 397 95 397 95 397 43 397 43 397 43 0 3 0 3
 0 5 397 238 397 238 397 374 397 374 396 374 396 374 0 3 0 5
 16711680 5 164 344 164 344 164 277 164 277 163 277 163 277 0 4 0 3
 16711680 5 189 277 189 277 189 259 163 259 163 238 163 238 0 3 0 3
 32768 5 183 344 183 344 179 344 179 290 176 290 176 290 0 4 0 3
 32768 5 202 290 202 290 201 290 201 248 176 248 176 238 0 3 0 3
 33023 5 189 212 189 212 189 212 306 212 306 212 306 212 0 3 0 3
 8388863 5 319 212 319 212 358 212 358 403 431 403 431 381 0 3 0 5
2
 7032 1 14 157 147 5 0 8583336 21932352 3
 7004 1 14 300 147 5 0 8583336 21932352 3
