Version 0.9.7
5
 4 10 175 77 128 0 1
 5 80 400 206 81 2 2
 0 110 110 877 276 8 3
 3 408 401 203 58 140 4
 1 152 398 206 81 149 5
 0
15
 0 5 71 288 71 288 71 467 71 467 167 467 167 467 0 1 0 5
 255 5 71 228 71 228 95 228 95 409 167 409 167 409 0 1 0 5
 255 5 71 189 71 189 71 189 71 137 163 137 163 137 0 1 0 3
 0 5 71 249 71 249 59 249 59 124 163 124 163 124 0 1 0 3
 16711680 5 208 409 208 392 162 392 162 371 163 371 163 371 0 5 0 3
 16711680 5 189 371 189 371 191 371 191 338 163 338 163 319 0 3 0 3
 255 5 176 137 176 137 173 137 173 176 163 176 163 176 0 3 0 3
 16711680 5 176 293 176 293 176 293 410 293 410 293 410 293 0 3 0 3
 16711680 5 410 319 410 319 443 319 443 445 454 445 454 445 0 3 0 4
 0 5 241 280 241 280 241 280 267 280 267 280 267 280 0 3 0 3
 0 5 267 267 267 267 267 267 267 228 267 228 267 228 0 3 0 3
 0 5 267 176 267 176 267 176 267 124 267 124 267 124 0 3 0 3
 0 5 332 124 332 124 332 124 332 176 332 176 332 176 0 3 0 3
 0 5 332 319 332 368 386 368 386 438 419 438 419 438 0 3 0 4
 0 5 332 228 332 228 332 228 332 267 332 267 332 267 0 3 0 3
1
 7004 1 14 157 228 5 0 8583336 21132896 3
