Version 0.9.7
5
 4 11 105 77 128 0 1
 5 80 400 206 81 2 2
 0 123 40 877 276 8 3
 1 121 344 206 81 140 4
 3 380 342 203 58 150 5
 0
17
 0 5 72 218 72 218 72 218 72 413 136 413 136 413 0 1 0 4
 0 5 72 179 72 179 63 179 63 54 176 54 176 54 0 1 0 3
 255 5 72 119 72 119 72 67 72 67 176 67 176 67 0 1 0 3
 255 5 72 158 72 158 100 158 100 355 136 355 136 355 0 1 0 4
 255 5 189 67 189 67 190 67 190 89 176 89 176 106 0 3 0 3
 0 5 254 210 254 210 254 210 267 210 267 210 267 210 0 3 0 3
 0 5 267 197 267 197 267 197 267 158 267 158 267 158 0 3 0 3
 0 5 267 106 267 106 267 106 267 54 267 54 267 54 0 3 0 3
 0 5 391 379 391 379 382 379 382 249 371 249 371 249 0 5 0 3
 0 5 371 197 371 197 371 197 371 158 371 158 371 158 0 3 0 3
 0 5 371 106 371 106 371 106 371 54 371 54 371 54 0 3 0 3
 16711680 5 177 355 177 355 177 288 177 288 176 288 176 288 0 4 0 3
 32768 5 196 355 196 355 196 355 189 355 189 301 189 301 0 4 0 3
 16711680 5 202 288 202 288 202 268 176 268 176 249 176 249 0 3 0 3
 32768 5 215 301 215 301 215 260 189 260 189 249 189 249 0 3 0 3
 128 5 202 236 202 236 202 236 358 236 358 236 358 236 0 3 0 3
 128 5 358 249 358 249 358 407 426 407 426 386 426 386 0 3 0 5
1
 7032 1 14 170 158 5 0 8583336 23200672 3
