Version 0.9.7
5
 4 10 92 77 128 0 1
 5 80 400 206 81 2 2
 0 132 32 877 276 8 3
 1 128 338 206 81 140 4
 3 551 331 203 58 162 6
 0
28
 255 5 71 106 71 106 71 59 71 59 185 59 185 59 0 1 0 3
 0 5 71 205 71 205 71 407 71 407 143 407 143 407 0 1 0 4
 0 5 71 166 71 166 59 166 59 46 185 46 185 46 0 1 0 3
 255 5 71 145 71 145 105 145 105 349 143 349 143 349 0 1 0 4
 16711680 5 184 349 184 349 185 349 185 349 185 280 185 280 0 4 0 3
 32768 5 203 349 203 349 203 293 203 293 198 293 198 293 0 4 0 3
 16711680 5 211 280 211 280 208 280 208 261 185 261 185 241 0 3 0 3
 32768 5 224 293 224 293 221 293 221 255 211 255 211 241 0 3 0 3
 0 5 263 202 263 202 263 202 276 202 276 202 276 202 0 3 0 3
 0 5 276 189 276 189 276 189 276 150 276 150 276 150 0 3 0 3
 0 5 276 98 276 98 276 98 276 46 276 46 276 46 0 3 0 3
 0 5 406 202 406 202 406 202 419 202 419 202 419 202 0 3 0 3
 0 5 419 189 419 189 419 189 419 150 419 150 419 150 0 3 0 3
 255 5 198 59 198 79 189 79 189 98 185 98 185 98 0 3 0 3
 255 5 328 98 328 98 328 98 328 59 328 59 328 59 0 3 0 3
 65793 5 549 202 549 202 549 202 562 202 562 202 562 202 0 3 0 3
 65793 5 562 189 562 189 562 189 562 150 562 150 562 150 0 3 0 3
 65793 5 562 98 562 98 562 98 562 46 562 46 562 46 0 3 0 3
 255 5 471 98 471 98 471 98 471 59 471 59 471 59 0 3 0 3
 0 5 562 241 562 241 562 241 562 368 562 368 562 368 0 3 0 6
 16711680 5 328 280 328 280 328 280 328 241 328 241 328 241 0 3 0 3
 32768 5 224 215 224 215 224 215 341 215 341 215 341 215 0 3 0 3
 16711680 5 198 228 198 228 198 228 367 228 367 228 367 228 0 3 0 3
 32768 5 380 293 380 293 380 293 380 241 380 241 380 241 0 3 0 3
 65535 5 354 215 354 215 354 215 471 215 471 215 471 215 0 3 0 3
 65535 5 393 228 393 228 393 228 484 228 484 228 484 228 0 3 0 3
 128 5 497 241 497 241 497 392 597 392 597 375 597 375 0 3 0 6
 0 5 419 46 419 46 419 46 419 98 419 98 419 98 0 3 0 3
3
 7004 1 14 179 150 5 0 8583336 21932352 3
 7008 1 14 322 150 5 0 8583336 21932352 3
 7032 1 14 465 150 5 0 8583336 21932352 3
