Version 0.9.7
5
 4 10 175 77 128 0 1
 5 100 400 206 81 2 2
 0 110 110 877 276 8 3
 1 106 436 206 81 150 5
 3 343 435 203 58 160 6
 0
55
 255 5 71 228 71 228 93 228 93 447 121 447 121 447 0 1 0 5
 0 5 71 288 71 288 71 527 121 527 121 505 121 505 0 1 0 5
 0 5 71 249 71 249 57 249 57 124 163 124 163 124 0 1 0 3
 255 5 71 189 71 189 71 137 71 137 163 137 163 137 0 1 0 3
 255 5 176 137 176 137 176 176 176 176 163 176 163 176 0 3 0 3
 16711680 5 189 358 189 358 175 358 175 345 163 345 163 319 0 3 0 3
 4227072 5 202 371 202 371 188 371 188 319 189 319 189 319 0 3 0 3
 255 5 306 176 306 176 306 176 306 137 306 137 306 137 0 3 0 3
 4227072 5 176 371 176 371 176 447 176 447 181 447 181 447 0 3 0 5
 16711680 5 162 447 162 447 162 358 162 358 163 358 163 358 0 5 0 3
 0 5 540 176 540 176 540 176 540 124 540 124 540 124 0 3 0 3
 0 5 241 280 241 280 241 280 254 280 254 280 254 280 0 3 0 3
 0 5 254 267 254 267 254 267 254 228 254 228 254 228 0 3 0 3
 0 5 254 176 254 176 254 176 254 124 254 124 254 124 0 3 0 3
 0 5 397 267 397 267 397 267 397 228 397 228 397 228 0 3 0 3
 0 5 527 280 527 280 527 280 540 280 540 280 540 280 0 3 0 3
 0 5 540 267 540 267 540 267 540 228 540 228 540 228 0 3 0 3
 0 5 397 176 397 176 397 176 397 124 397 124 397 124 0 3 0 3
 33023 5 200 447 200 447 209 447 209 280 215 280 215 280 0 5 0 3
 0 5 384 280 384 280 384 280 397 280 397 280 397 280 0 3 0 3
 16711680 5 163 306 170 306 170 336 319 336 319 319 319 319 0 3 0 3
 33023 5 267 215 267 215 267 215 319 215 319 215 319 215 0 3 0 3
 33023 5 228 293 228 293 228 296 267 296 267 293 267 293 0 3 0 3
 4227072 5 202 293 202 293 202 286 306 286 306 280 306 280 0 3 0 3
 65793 5 683 280 683 280 683 280 696 280 696 280 696 280 0 3 0 3
 65793 5 696 267 696 267 696 267 696 228 696 228 696 228 0 3 0 3
 65793 5 696 176 696 176 696 176 696 124 696 124 696 124 0 3 0 3
 255 5 449 176 449 176 449 176 449 137 449 137 449 137 0 3 0 3
 255 5 605 176 605 176 605 176 605 137 605 137 605 137 0 3 0 3
 33023 5 371 215 371 215 371 191 410 191 410 215 410 215 0 3 0 3
 33023 5 410 228 410 228 410 228 410 267 410 267 410 267 0 3 0 3
 33023 5 410 306 410 306 410 308 228 308 228 306 228 306 0 3 0 3
 4227072 5 423 189 423 189 423 177 358 177 358 189 358 189 0 3 0 3
 4227072 5 423 228 423 228 423 228 423 267 423 267 423 267 0 3 0 3
 4227072 5 189 306 189 306 189 317 423 317 423 319 423 319 0 3 0 3
 16711680 5 345 202 345 202 345 184 436 184 436 202 436 202 0 3 0 3
 16711680 5 319 293 319 293 319 293 436 293 436 293 436 293 0 3 0 3
 16711680 5 436 267 436 267 436 267 436 228 436 228 436 228 0 3 0 3
 33023 5 267 228 267 228 267 228 267 267 267 267 267 267 0 3 0 3
 8388736 5 332 215 332 215 332 199 631 199 631 215 631 215 0 3 0 3
 8388736 5 384 215 384 215 384 208 618 208 618 215 618 215 0 3 0 3
 33023 5 332 280 332 280 332 328 215 328 215 319 215 319 0 3 0 3
 4227072 5 345 371 345 371 345 371 345 280 345 280 345 280 0 3 0 3
 16711680 5 358 280 358 280 358 273 176 273 176 280 176 280 0 3 0 3
 8388736 5 371 280 371 280 371 272 605 272 605 280 605 280 0 3 0 3
 33023 5 200 460 224 460 224 351 475 351 475 280 475 280 0 5 0 3
 4227072 5 488 371 488 371 488 371 488 280 488 280 488 280 0 3 0 3
 16711680 5 501 358 501 358 501 358 501 280 501 280 501 280 0 3 0 3
 8388736 5 514 280 514 280 514 290 618 290 618 280 618 280 0 3 0 3
 32896 5 644 215 644 215 644 215 709 215 709 215 709 215 0 3 0 3
 32896 5 709 228 709 228 709 228 709 267 709 267 709 267 0 3 0 3
 32896 5 709 293 709 293 709 293 644 293 644 293 644 293 0 3 0 3
 32896 5 631 280 631 280 631 280 657 280 657 280 657 280 0 3 0 3
 8421504 5 670 280 670 280 670 496 389 496 389 479 389 479 0 3 0 6
 65793 5 354 472 354 472 354 510 696 510 696 319 696 319 0 6 0 3
4
 7004 1 14 157 228 5 0 8583336 21855344 3
 7011 1 14 300 228 5 0 8583336 21855344 3
 7011 1 14 443 228 5 0 8583336 21855344 3
 7032 1 14 599 228 5 0 8583336 21855344 3
