Version 0.9.7
17
 4 -3 202 77 128 0 1
 5 226 43 206 81 2 2
 0 101 150 877 276 8 4
 0 28 510 877 276 140 5
 1 101 35 206 81 272 8
 1 314 34 206 81 282 9
 1 526 35 206 81 292 10
 3 963 37 203 58 302 12
 0 979 150 877 276 311 13
 0 904 508 877 276 443 14
 1 738 35 206 81 575 15
 0 28 745 877 276 585 16
 0 904 742 877 276 717 17
 0 903 975 877 276 849 20
 0 29 978 877 276 981 21
 0 29 1212 877 276 1113 23
 3 1177 36 203 58 1245 24
 0
588
 0 5 206 320 206 320 206 320 219 320 219 320 219 320 0 4 0 4
 0 5 219 307 219 307 219 307 219 268 219 268 219 268 0 4 0 4
 0 5 219 216 219 216 219 216 219 164 219 164 219 164 0 4 0 4
 0 5 375 320 375 320 375 320 388 320 388 320 388 320 0 4 0 4
 255 5 58 242 58 242 96 242 96 46 116 46 116 46 0 1 0 8
 0 5 116 104 116 104 51 104 51 289 58 289 58 289 0 8 0 1
 0 5 388 307 388 307 388 307 388 268 388 268 388 268 0 4 0 4
 0 5 388 216 388 216 388 216 388 164 388 164 388 164 0 4 0 4
 0 5 544 320 544 320 544 320 557 320 557 320 557 320 0 4 0 4
 0 5 557 268 557 268 557 268 557 307 557 307 557 307 0 4 0 4
 0 5 557 216 557 216 557 216 557 164 557 164 557 164 0 4 0 4
 0 5 713 320 713 320 713 320 726 320 726 320 726 320 0 4 0 4
 0 5 726 307 726 307 726 307 726 268 726 268 726 268 0 4 0 4
 0 5 726 216 726 216 726 216 726 164 726 164 726 164 0 4 0 4
 0 5 58 276 58 276 58 164 58 164 154 164 154 164 0 1 0 4
 255 5 58 255 58 255 110 255 110 177 154 177 154 177 0 1 0 4
 255 5 921 177 921 177 921 177 1032 177 1032 177 1032 177 0 4 0 13
 0 5 921 164 921 164 921 164 1032 164 1032 164 1032 164 0 4 0 13
 0 5 1724 522 1724 522 1867 522 1867 164 1799 164 1799 164 0 14 0 13
 255 5 1786 177 1786 177 1856 177 1856 535 1711 535 1711 535 0 13 0 14
 65793 5 882 320 882 320 882 320 882 320 895 320 895 320 0 4 0 4
 65793 5 895 307 895 307 895 307 895 268 895 268 895 268 0 4 0 4
 65793 5 895 216 895 216 895 216 895 164 895 164 895 164 0 4 0 4
 65793 5 1084 320 1084 320 1084 320 1097 320 1097 320 1097 320 0 13 0 13
 65793 5 1097 307 1097 307 1097 307 1097 268 1097 268 1097 268 0 13 0 13
 65793 5 1097 216 1097 216 1097 216 1097 164 1097 164 1097 164 0 13 0 13
 65793 5 1253 320 1253 320 1253 320 1266 320 1266 320 1266 320 0 13 0 13
 65793 5 1266 268 1266 268 1266 268 1266 307 1266 307 1266 307 0 13 0 13
 65793 5 1266 216 1266 216 1266 216 1266 164 1266 164 1266 164 0 13 0 13
 65793 5 1422 320 1422 320 1422 320 1435 320 1435 320 1435 320 0 13 0 13
 65793 5 1435 307 1435 307 1435 307 1435 268 1435 268 1435 268 0 13 0 13
 65793 5 1435 216 1435 216 1435 216 1435 164 1435 164 1435 164 0 13 0 13
 255 5 297 216 297 216 297 216 297 177 297 177 297 177 0 4 0 4
 255 5 466 216 466 216 466 216 466 177 466 177 466 177 0 4 0 4
 255 5 635 216 635 216 635 216 635 177 635 177 635 177 0 4 0 4
 255 5 804 216 804 216 804 216 804 177 804 177 804 177 0 4 0 4
 255 5 1006 216 1001 216 1001 192 1045 192 1045 177 1045 177 0 13 0 13
 255 5 1175 177 1175 177 1175 177 1175 216 1175 216 1175 216 0 13 0 13
 255 5 1344 216 1344 216 1344 216 1344 177 1344 177 1344 177 0 13 0 13
 255 5 128 216 128 216 128 193 167 193 167 177 167 177 0 4 0 4
 4227072 5 389 71 344 71 344 162 178 162 178 216 167 216 0 9 0 4
 4227072 5 370 71 338 71 338 156 141 156 141 216 141 216 0 9 0 4
 10485760 5 193 216 193 216 193 168 351 168 351 71 408 71 0 4 0 9
 0 5 323 164 323 164 329 164 329 164 329 103 329 103 0 4 0 9
 255 5 310 177 310 177 310 45 310 45 329 45 329 45 0 4 0 9
 10485760 5 232 307 232 307 232 307 232 268 232 268 232 268 0 4 0 4
 10485760 5 232 216 232 216 358 216 358 71 427 71 427 71 0 4 0 9
 10485760 5 128 320 128 320 128 314 232 314 232 320 232 320 0 4 0 4
 33023 5 154 333 154 333 154 328 245 328 245 333 245 333 0 4 0 4
 33023 5 245 307 245 307 245 307 245 268 245 268 245 268 0 4 0 4
 33023 5 245 216 245 216 245 189 778 189 778 72 794 72 0 4 0 15
 16711808 5 258 307 258 307 258 307 258 268 258 268 258 268 0 4 0 4
 65535 5 639 72 639 72 570 72 570 216 271 216 271 216 0 10 0 4
 65535 5 271 268 271 268 271 268 271 307 271 307 271 307 0 4 0 4
 65535 5 271 320 271 320 271 320 297 320 297 320 297 320 0 4 0 4
 16776960 5 349 216 349 216 563 216 563 72 620 72 620 72 0 4 0 10
 10485760 5 232 255 232 255 232 249 310 249 310 255 310 255 0 4 0 4
 16711808 5 141 333 141 333 141 322 258 322 258 333 258 333 0 4 0 4
 16711808 5 336 255 336 255 336 261 258 261 258 255 258 255 0 4 0 4
 8388863 5 804 320 804 320 804 320 791 320 791 320 791 320 0 4 0 4
 8388863 5 791 268 791 268 791 268 791 307 791 307 791 307 0 4 0 4
 8388863 5 791 216 791 216 791 124 299 124 299 72 214 72 0 4 0 8
 8388863 5 804 333 804 333 804 333 817 333 817 333 817 333 0 4 0 4
 8388863 5 791 333 791 333 791 310 310 310 310 320 310 320 0 4 0 4
 8388863 5 362 216 362 216 362 156 791 156 791 229 791 229 0 4 0 4
 16711808 5 830 229 830 229 830 176 258 176 258 242 258 242 0 4 0 4
 4259584 5 817 216 817 216 556 216 556 72 601 72 601 72 0 4 0 10
 10485760 5 310 242 310 242 310 233 856 233 856 242 856 242 0 4 0 4
 65793 5 133 680 133 680 133 680 146 680 146 680 146 680 0 5 0 5
 65793 5 146 667 146 667 146 667 146 628 146 628 146 628 0 5 0 5
 65793 5 146 524 146 524 146 524 146 576 146 576 146 576 0 5 0 5
 65793 5 289 680 289 680 289 673 302 673 302 680 302 680 0 5 0 5
 65793 5 302 667 302 667 302 667 302 628 302 628 302 628 0 5 0 5
 65793 5 302 576 302 576 302 576 302 524 302 524 302 524 0 5 0 5
 255 5 211 576 211 576 211 576 211 537 211 537 211 537 0 5 0 5
 32896 5 323 255 323 255 323 255 284 255 284 255 284 255 0 4 0 4
 32896 5 284 268 284 268 284 268 284 307 284 307 284 307 0 4 0 4
 32896 5 375 255 375 255 375 255 401 255 401 255 401 255 0 4 0 4
 32896 5 401 268 401 268 401 268 401 307 401 307 401 307 0 4 0 4
 0 5 471 680 471 680 471 680 484 680 484 680 484 680 0 5 0 5
 0 5 484 667 484 667 484 667 484 628 484 628 484 628 0 5 0 5
 0 5 484 576 484 576 484 576 484 524 484 524 484 524 0 5 0 5
 255 5 393 576 393 576 393 576 393 537 393 537 393 537 0 5 0 5
 4227200 5 843 242 843 242 843 242 843 242 908 242 908 242 0 4 0 4
 4227200 5 908 268 908 268 908 268 908 307 908 307 908 307 0 4 0 4
 4227200 5 882 255 882 255 882 255 921 255 921 255 921 255 0 4 0 4
 4227200 5 921 268 921 268 921 268 921 307 921 307 921 307 0 4 0 4
 4227200 5 921 359 921 359 198 359 198 359 198 576 198 576 0 4 0 5
 4227200 5 198 628 198 628 198 628 198 667 198 667 198 667 0 5 0 5
 4227200 5 198 680 198 680 198 680 211 680 211 680 211 680 0 5 0 5
 4227200 5 830 359 830 359 830 414 315 414 315 576 315 576 0 4 0 5
 4227200 5 315 628 315 628 315 628 315 667 315 667 315 667 0 5 0 5
 4227200 5 224 680 224 680 224 667 315 667 315 680 315 680 0 5 0 5
 4227200 5 908 359 908 359 908 399 224 399 224 576 224 576 0 4 0 5
 4227200 5 284 359 284 359 279 359 94 359 94 576 94 576 0 4 0 5
 4227200 5 401 359 401 359 401 374 81 374 81 576 81 576 0 4 0 5
 0 5 541 104 541 104 541 164 541 164 518 164 518 164 0 10 0 4
 255 5 505 177 505 177 505 46 505 46 541 46 541 46 0 4 0 10
 0 5 908 164 908 164 974 164 974 164 974 74 974 74 0 4 0 12
 10485760 5 193 229 192 229 192 170 479 170 479 229 479 229 0 4 0 4
 8421504 5 1006 320 1006 320 1006 320 947 320 947 320 947 320 0 13 0 4
 8421504 5 947 307 947 307 947 307 947 268 947 268 947 268 0 4 0 4
 8421504 5 947 216 947 132 291 132 291 72 195 72 195 72 0 4 0 8
 8421504 5 1006 333 1006 333 1006 333 1019 333 1019 333 1019 333 0 13 0 13
 8421504 5 479 320 479 320 479 328 947 328 947 333 947 333 0 4 0 4
 8421504 5 531 255 531 255 531 272 947 272 947 255 947 255 0 4 0 4
 16776960 5 349 229 349 229 349 197 518 197 518 255 518 255 0 4 0 4
 16711808 5 505 216 505 216 505 192 213 192 213 216 206 216 0 4 0 4
 16711808 5 505 229 505 229 505 229 1032 229 1032 229 1032 229 0 4 0 13
 12615808 5 869 216 869 216 549 216 549 72 582 72 582 72 0 4 0 10
 12615808 5 869 229 869 229 869 229 1071 229 1071 229 1071 229 0 4 0 13
 10485760 5 479 242 479 242 479 303 1058 303 1058 242 1058 242 0 4 0 13
 15790320 5 133 576 133 576 133 359 133 359 453 359 453 359 0 5 0 4
 15790320 5 453 307 453 307 453 307 453 268 453 268 453 268 0 4 0 4
 15790320 5 492 255 492 255 492 254 453 254 453 255 453 255 0 4 0 4
 15790320 5 544 255 544 255 544 255 570 255 570 255 570 255 0 4 0 4
 15790320 5 570 268 570 268 570 268 570 307 570 307 570 307 0 4 0 4
 15790320 5 570 359 570 359 587 359 587 431 120 431 120 576 0 4 0 5
 15790320 5 1045 255 1045 255 1045 255 1110 255 1110 255 1110 255 0 13 0 13
 15790320 5 1084 242 1084 242 1084 242 1123 242 1123 242 1123 242 0 13 0 13
 15790320 5 1110 268 1110 268 1110 268 1110 307 1110 307 1110 307 0 13 0 13
 15790320 5 1123 268 1123 268 1123 268 1123 307 1123 307 1123 307 0 13 0 13
 15790320 5 276 576 276 576 276 439 1110 439 1110 359 1110 359 0 5 0 13
 15790320 5 1123 359 1123 359 1123 448 263 448 263 576 263 576 0 13 0 5
 15790320 5 1032 359 1032 359 1032 458 250 458 250 576 250 576 0 13 0 5
 0 5 753 104 753 104 740 104 740 164 713 164 713 164 0 15 0 4
 255 5 753 46 753 46 730 46 730 177 700 177 700 177 0 15 0 4
 4259584 5 817 229 817 229 817 229 1019 229 1019 229 1019 229 0 4 0 13
 4227072 5 167 229 167 229 167 190 414 190 414 229 414 229 0 4 0 4
 4227072 5 414 268 414 268 414 268 414 307 414 307 414 307 0 4 0 4
 4227072 5 492 320 492 320 492 347 414 347 414 320 414 320 0 4 0 4
 65535 5 466 333 466 333 466 339 505 339 505 320 505 320 0 4 0 4
 65535 5 297 333 297 333 297 329 466 329 466 320 466 320 0 4 0 4
 128 5 176 72 176 78 282 78 282 142 1162 142 1162 216 0 8 0 13
 128 5 1162 268 1162 268 1162 268 1162 307 1162 307 1162 307 0 13 0 13
 128 5 1162 320 1162 320 1162 320 1175 320 1175 320 1175 320 0 13 0 13
 128 5 1175 333 1175 333 1175 333 1188 333 1188 333 1188 333 0 13 0 13
 128 5 518 320 518 320 518 375 1162 375 1162 333 1162 333 0 4 0 13
 128 5 518 346 518 346 518 350 583 350 583 346 583 346 0 4 0 4
 128 5 583 307 583 307 583 307 583 268 583 268 583 268 0 4 0 4
 128 5 583 255 583 255 583 264 648 264 648 255 648 255 0 4 0 4
 16776960 5 349 242 349 242 349 243 427 243 427 242 427 242 0 4 0 4
 16776960 5 427 268 427 268 427 268 427 307 427 307 427 307 0 4 0 4
 16776960 5 427 346 427 346 427 357 635 357 635 320 635 320 0 4 0 4
 4227072 5 180 242 180 242 180 220 440 220 440 229 440 229 0 4 0 4
 4227072 5 440 268 440 268 440 268 440 307 440 307 440 307 0 4 0 4
 4227072 5 440 359 440 359 440 364 648 364 648 359 648 359 0 4 0 4
 4227072 5 648 346 648 346 648 382 1136 382 1136 346 1136 346 0 4 0 13
 4227072 5 1136 307 1136 307 1136 307 1136 268 1136 268 1136 268 0 13 0 13
 4227072 5 1136 255 1136 255 1136 255 1201 255 1201 255 1201 255 0 13 0 13
 4259584 5 1019 242 1019 242 1019 234 1188 234 1188 242 1188 242 0 13 0 13
 12615808 5 1071 242 1071 242 1071 219 1240 219 1240 242 1240 242 0 13 0 13
 4227072 5 492 346 492 346 492 392 1149 392 1149 346 1149 346 0 4 0 13
 4227072 5 1149 307 1149 307 1149 307 1149 268 1149 268 1149 268 0 13 0 13
 4227072 5 1149 242 1149 242 1149 242 1227 242 1227 242 1227 242 0 13 0 13
 16744703 5 531 359 531 359 159 359 159 359 159 576 159 576 0 4 0 5
 16744703 5 661 255 661 255 661 242 661 242 622 242 622 242 0 4 0 4
 16744703 5 622 268 622 268 622 268 622 307 622 307 622 307 0 4 0 4
 16744703 5 622 359 622 359 622 542 172 542 172 576 172 576 0 4 0 5
 16744703 5 159 628 159 628 159 628 159 667 159 667 159 667 0 5 0 5
 16744703 5 172 628 172 628 172 628 172 667 172 667 172 667 0 5 0 5
 16744703 5 68 693 68 693 68 687 159 687 159 693 159 693 0 5 0 5
 16744703 5 81 706 81 706 81 698 172 698 172 706 172 706 0 5 0 5
 16744703 5 1201 229 1201 229 1201 229 1279 229 1279 229 1279 229 0 13 0 13
 16744703 5 1279 268 1279 268 1279 268 1279 307 1279 307 1279 307 0 13 0 13
 16744703 5 1253 242 1253 242 1253 242 1292 242 1292 242 1292 242 0 13 0 13
 16744703 5 1292 268 1292 268 1292 268 1292 307 1292 307 1292 307 0 13 0 13
 16744703 5 1279 359 1279 359 1279 476 328 476 328 576 328 576 0 13 0 5
 16744703 5 1292 359 1292 359 1292 487 341 487 341 576 341 576 0 13 0 5
 16744703 5 1201 359 1201 359 1201 494 354 494 354 576 354 576 0 13 0 5
 16744703 5 237 680 237 680 237 680 328 680 328 680 328 680 0 5 0 5
 16744703 5 328 667 328 667 328 667 328 628 328 628 328 628 0 5 0 5
 16744703 5 250 693 250 693 250 693 341 693 341 693 341 693 0 5 0 5
 16744703 5 341 667 341 667 341 667 341 628 341 628 341 628 0 5 0 5
 16744703 5 354 667 354 667 354 667 354 628 354 628 354 628 0 5 0 5
 16744703 5 263 706 263 706 263 706 263 706 354 706 354 706 0 5 0 5
 4227072 5 141 229 141 229 141 228 700 228 700 216 700 216 0 4 0 4
 65535 5 271 242 271 242 271 238 687 238 687 216 687 216 0 4 0 4
 16744448 5 157 72 274 72 274 165 674 165 674 216 674 216 0 8 0 4
 16744448 5 674 255 674 255 674 255 739 255 739 255 739 255 0 4 0 4
 16744448 5 739 268 739 268 739 268 739 307 739 307 739 307 0 4 0 4
 16744448 5 661 320 661 320 661 315 739 315 739 320 739 320 0 4 0 4
 16776960 5 635 333 635 333 635 335 674 335 674 333 674 333 0 4 0 4
 32768 5 596 268 596 268 596 268 596 307 596 307 596 307 0 4 0 4
 32768 5 596 255 596 255 596 266 154 266 154 255 154 255 0 4 0 4
 32768 5 596 320 596 320 596 320 687 320 687 320 687 320 0 4 0 4
 16744448 5 1344 320 1344 320 1344 320 1331 320 1331 320 1331 320 0 13 0 13
 16744448 5 1331 307 1331 307 1331 307 1331 268 1331 268 1331 268 0 13 0 13
 16744448 5 1344 333 1344 333 1344 333 1357 333 1357 333 1357 333 0 13 0 13
 16744448 5 1331 216 1331 216 1331 229 1331 229 674 229 674 229 0 13 0 4
 4227072 5 687 333 687 333 687 333 1318 333 1318 333 1318 333 0 4 0 13
 4227072 5 1318 307 1318 307 1318 307 1318 268 1318 268 1318 268 0 13 0 13
 4227072 5 1318 255 1318 255 1318 255 1318 255 1370 255 1370 255 0 13 0 13
 4259584 5 1188 216 1188 216 1188 210 1357 210 1357 216 1357 216 0 13 0 13
 12615808 5 1240 255 1240 255 1240 263 1409 263 1409 255 1409 255 0 13 0 13
 4227072 5 700 242 700 242 700 242 1396 242 1396 242 1396 242 0 4 0 13
 8388736 5 713 242 713 242 713 242 752 242 752 242 752 242 0 4 0 4
 8388736 5 752 268 752 268 752 268 752 307 752 307 752 307 0 4 0 4
 8388736 5 752 359 752 359 752 501 497 501 497 576 497 576 0 4 0 5
 8388736 5 700 359 700 359 700 535 510 535 510 576 510 576 0 4 0 5
 8388736 5 497 628 497 628 497 628 497 667 497 667 497 667 0 5 0 5
 8388736 5 510 628 510 628 510 628 510 667 510 667 510 667 0 5 0 5
 8388736 5 107 706 107 706 107 734 497 734 497 706 497 706 0 5 0 5
 8388736 5 120 719 120 719 120 742 510 742 510 719 510 719 0 5 0 5
 8388736 5 1383 242 1383 242 1383 242 1448 242 1448 242 1448 242 0 13 0 13
 8388736 5 1422 255 1422 255 1422 255 1461 255 1461 255 1461 255 0 13 0 13
 8388736 5 1448 268 1448 268 1448 268 1448 307 1448 307 1448 307 0 13 0 13
 8388736 5 1461 268 1461 268 1461 268 1461 307 1461 307 1461 307 0 13 0 13
 8388736 5 1448 359 1448 359 1448 519 458 519 458 589 458 589 0 13 0 5
 8388736 5 1461 359 1461 359 1461 510 445 510 445 602 445 602 0 13 0 5
 8388736 5 432 602 432 602 432 527 1370 527 1370 359 1370 359 0 5 0 13
 0 5 640 680 640 680 640 680 653 680 653 680 653 680 0 5 0 5
 0 5 653 667 653 667 653 667 653 628 653 628 653 628 0 5 0 5
 0 5 653 524 653 524 653 524 653 576 653 576 653 576 0 5 0 5
 0 5 822 576 822 576 822 576 822 524 822 524 822 524 0 5 0 5
 0 5 809 680 809 680 809 680 822 680 822 680 822 680 0 5 0 5
 0 5 822 628 822 628 822 628 822 667 822 667 822 667 0 5 0 5
 0 5 1009 678 1009 678 1009 678 1022 678 1022 678 1022 678 0 14 0 14
 0 5 1022 626 1022 626 1022 626 1022 665 1022 665 1022 665 0 14 0 14
 0 5 1022 574 1022 574 1022 574 1022 522 1022 522 1022 522 0 14 0 14
 0 5 1178 678 1178 678 1178 678 1191 678 1191 678 1191 678 0 14 0 14
 0 5 1191 665 1191 665 1191 665 1191 626 1191 626 1191 626 0 14 0 14
 0 5 1191 574 1191 574 1191 574 1191 522 1191 522 1191 522 0 14 0 14
 0 5 1347 678 1347 678 1347 678 1360 678 1360 678 1360 678 0 14 0 14
 0 5 1360 665 1360 665 1360 665 1360 626 1360 626 1360 626 0 14 0 14
 0 5 1360 574 1360 574 1360 574 1360 522 1360 522 1360 522 0 14 0 14
 0 5 1516 678 1516 678 1516 678 1529 678 1529 678 1529 678 0 14 0 14
 0 5 1529 574 1529 574 1529 574 1529 522 1529 522 1529 522 0 14 0 14
 0 5 1529 665 1529 665 1529 665 1529 626 1529 626 1529 626 0 14 0 14
 0 5 1685 678 1685 678 1685 678 1698 678 1698 678 1698 678 0 14 0 14
 0 5 1698 665 1698 665 1698 665 1698 626 1698 626 1698 626 0 14 0 14
 0 5 1698 574 1698 574 1698 574 1698 522 1698 522 1698 522 0 14 0 14
 255 5 562 576 562 576 562 576 562 576 562 537 562 537 0 5 0 5
 255 5 731 576 731 576 731 576 731 537 731 537 731 537 0 5 0 5
 255 5 931 574 931 574 931 551 970 551 970 535 970 535 0 14 0 14
 255 5 1100 574 1100 574 1100 574 1100 535 1100 535 1100 535 0 14 0 14
 255 5 1269 574 1269 574 1269 574 1269 535 1269 535 1269 535 0 14 0 14
 255 5 1438 574 1438 574 1438 574 1438 535 1438 535 1438 535 0 14 0 14
 255 5 1607 574 1607 574 1607 574 1607 535 1607 535 1607 535 0 14 0 14
 0 5 81 524 81 524 18 524 18 759 81 759 81 759 0 5 0 16
 255 5 94 537 68 537 68 558 55 558 55 576 55 576 0 5 0 5
 255 5 81 537 81 537 27 537 27 772 81 772 81 772 0 5 0 16
 255 5 848 772 848 772 848 769 848 769 957 769 957 769 0 16 0 17
 0 5 848 759 848 759 848 756 848 756 957 756 957 756 0 16 0 17
 0 5 133 915 133 915 133 915 146 915 146 915 146 915 0 16 0 16
 0 5 146 863 146 863 146 863 146 902 146 902 146 902 0 16 0 16
 0 5 146 759 146 759 146 759 146 811 146 811 146 811 0 16 0 16
 0 5 289 915 289 915 289 915 302 915 302 915 302 915 0 16 0 16
 0 5 302 863 302 863 302 863 302 902 302 902 302 902 0 16 0 16
 0 5 302 759 302 759 302 759 302 811 302 811 302 811 0 16 0 16
 0 5 445 915 445 915 445 915 458 915 458 915 458 915 0 16 0 16
 0 5 458 902 458 902 458 902 458 863 458 863 458 863 0 16 0 16
 0 5 458 759 458 759 458 759 458 811 458 811 458 811 0 16 0 16
 255 5 94 772 94 772 94 789 55 789 55 811 55 811 0 16 0 16
 255 5 211 772 211 772 211 772 211 811 211 811 211 811 0 16 0 16
 255 5 367 772 367 772 367 772 367 811 367 811 367 811 0 16 0 16
 255 5 744 772 744 772 744 772 744 811 744 811 744 811 0 16 0 16
 0 5 822 915 822 915 822 915 835 915 835 915 835 915 0 16 0 16
 0 5 835 863 835 863 835 863 835 902 835 902 835 902 0 16 0 16
 0 5 835 759 835 759 835 759 835 811 835 811 835 811 0 16 0 16
 0 5 1009 912 1009 912 1009 912 1022 912 1022 912 1022 912 0 17 0 17
 0 5 1022 860 1022 860 1022 860 1022 899 1022 899 1022 899 0 17 0 17
 0 5 1022 808 1022 808 1022 808 1022 756 1022 756 1022 756 0 17 0 17
 0 5 1178 912 1178 912 1178 912 1191 912 1191 912 1191 912 0 17 0 17
 0 5 1191 899 1191 899 1191 899 1191 860 1191 860 1191 860 0 17 0 17
 0 5 1191 808 1191 808 1191 808 1191 756 1191 756 1191 756 0 17 0 17
 0 5 1347 912 1347 912 1347 912 1360 912 1360 912 1360 912 0 17 0 17
 0 5 1360 899 1360 899 1360 899 1360 860 1360 860 1360 860 0 17 0 17
 0 5 1360 756 1360 756 1360 756 1360 808 1360 808 1360 808 0 17 0 17
 0 5 1516 912 1516 912 1516 912 1529 912 1529 912 1529 912 0 17 0 17
 0 5 1529 899 1529 899 1529 899 1529 860 1529 860 1529 860 0 17 0 17
 0 5 1529 756 1529 756 1529 756 1529 808 1529 808 1529 808 0 17 0 17
 0 5 1685 912 1685 912 1685 912 1698 912 1698 912 1698 912 0 17 0 17
 0 5 1698 860 1698 860 1698 860 1698 899 1698 899 1698 899 0 17 0 17
 0 5 1698 808 1698 808 1698 808 1698 756 1698 756 1698 756 0 17 0 17
 255 5 931 808 931 808 931 785 970 785 970 769 970 769 0 17 0 17
 255 5 1100 808 1100 808 1100 808 1100 769 1100 769 1100 769 0 17 0 17
 255 5 1269 808 1269 808 1269 808 1269 769 1269 769 1269 769 0 17 0 17
 255 5 1607 769 1607 769 1607 769 1607 808 1607 808 1607 808 0 17 0 17
 255 5 1438 769 1438 769 1438 769 1438 808 1438 808 1438 808 0 17 0 17
 255 5 56 1044 56 1044 56 1028 82 1028 82 1005 82 1005 0 21 0 21
 255 5 251 1044 251 1044 251 1044 251 1005 251 1005 251 1005 0 21 0 21
 255 5 420 1044 420 1044 420 1006 420 1006 419 1006 419 1006 0 21 0 16
 255 5 589 1044 589 1044 589 1006 589 1006 588 1006 588 1006 0 21 0 16
 255 5 758 1044 758 1044 758 1006 758 1006 757 1006 757 1006 0 21 0 16
 255 5 238 1278 238 1278 238 1278 238 1239 238 1239 238 1239 0 23 0 21
 255 5 420 1278 420 1278 420 1278 420 1239 420 1239 420 1239 0 23 0 21
 255 5 969 1041 969 1041 969 1003 969 1003 970 1003 970 1003 0 20 0 17
 255 5 1190 1041 1190 1041 1190 1003 1190 1003 1191 1003 1191 1003 0 20 0 17
 255 5 1372 1041 1372 1041 1372 1003 1372 1003 1373 1003 1373 1003 0 20 0 17
 255 5 1541 1041 1541 1041 1541 1003 1541 1003 1542 1003 1542 1003 0 20 0 17
 255 5 848 537 848 537 957 537 957 537 957 535 957 535 0 5 0 14
 255 5 1724 769 1724 769 1786 769 1786 1003 1724 1003 1724 1003 0 14 0 17
 255 5 849 1005 849 1005 957 1005 957 1005 957 1003 957 1003 0 21 0 17
 0 5 848 524 848 524 957 524 957 524 957 522 957 522 0 5 0 14
 0 5 134 1148 134 1148 134 1148 147 1148 147 1148 147 1148 0 21 0 21
 0 5 147 1135 147 1135 147 1135 147 1096 147 1096 147 1096 0 21 0 21
 0 5 147 1044 147 1044 147 993 147 993 146 993 146 993 0 21 0 16
 0 5 329 1148 329 1148 329 1148 342 1148 342 1148 342 1148 0 21 0 21
 0 5 342 1135 342 1135 342 1135 342 1096 342 1096 342 1096 0 21 0 21
 0 5 342 1044 342 1044 342 993 342 993 341 993 341 993 0 21 0 16
 0 5 510 993 510 993 510 1044 510 1044 511 1044 511 1044 0 16 0 21
 0 5 511 1096 511 1096 511 1096 511 1135 511 1135 511 1135 0 21 0 21
 0 5 498 1148 498 1148 498 1148 511 1148 511 1148 511 1148 0 21 0 21
 0 5 667 1148 667 1148 667 1148 680 1148 680 1148 680 1148 0 21 0 21
 0 5 680 1096 680 1096 680 1096 680 1135 680 1135 680 1135 0 21 0 21
 0 5 680 1044 680 1044 680 993 680 993 679 993 679 993 0 21 0 16
 0 5 836 1148 836 1148 836 1148 849 1148 849 1148 849 1148 0 21 0 21
 0 5 849 1135 849 1135 849 1135 849 1096 849 1096 849 1096 0 21 0 21
 0 5 1047 1145 1047 1145 1047 1145 1060 1145 1060 1145 1060 1145 0 20 0 20
 0 5 1060 1132 1060 1132 1060 1132 1060 1093 1060 1093 1060 1093 0 20 0 20
 0 5 1060 1041 1060 1041 1060 990 1060 990 1061 990 1061 990 0 20 0 17
 0 5 1268 1145 1268 1145 1268 1145 1281 1145 1281 1145 1281 1145 0 20 0 20
 0 5 1281 1132 1281 1132 1281 1132 1281 1093 1281 1093 1281 1093 0 20 0 20
 0 5 1281 1041 1281 1041 1281 990 1281 990 1282 990 1282 990 0 20 0 17
 0 5 1450 1145 1450 1145 1450 1145 1463 1145 1463 1145 1463 1145 0 20 0 20
 0 5 1463 1132 1463 1132 1463 1132 1463 1093 1463 1093 1463 1093 0 20 0 20
 0 5 1463 1041 1463 1041 1463 990 1463 990 1464 990 1464 990 0 20 0 17
 0 5 1632 1145 1632 1145 1632 1145 1619 1145 1619 1145 1619 1145 0 20 0 20
 0 5 1632 1132 1632 1132 1632 1132 1632 1093 1632 1093 1632 1093 0 20 0 20
 0 5 1632 1041 1632 1041 1632 990 1632 990 1633 990 1633 990 0 20 0 17
 0 5 1724 990 1724 990 1798 990 1798 756 1724 756 1724 756 0 17 0 14
 0 5 848 993 848 993 957 993 957 993 957 990 957 990 0 16 0 17
 0 5 835 993 847 993 847 1043 849 1043 849 1044 849 1044 0 16 0 21
 4227200 5 575 576 575 576 575 565 237 565 237 576 237 576 0 5 0 5
 4227200 5 575 589 575 589 575 589 588 589 588 589 588 589 0 5 0 5
 4227200 5 68 576 68 576 68 581 627 581 627 576 627 576 0 5 0 5
 16777215 5 289 576 289 576 289 596 614 596 614 576 614 576 0 5 0 5
 4227200 5 627 589 627 589 627 588 744 588 744 576 744 576 0 5 0 5
 16777215 5 107 602 107 602 107 602 718 602 718 602 718 602 0 5 0 5
 16777215 5 718 628 718 628 718 628 718 667 718 667 718 667 0 5 0 5
 16777215 5 718 680 718 680 718 680 731 680 731 680 731 680 0 5 0 5
 4227200 5 744 589 744 589 744 586 996 586 996 574 996 574 0 5 0 14
 16777215 5 731 693 731 693 731 693 731 693 835 693 835 693 0 5 0 5
 16777215 5 835 667 835 667 835 667 835 628 835 628 835 628 0 5 0 5
 16777215 5 983 574 983 574 983 597 835 597 835 602 835 602 0 14 0 5
 16744703 5 848 667 848 667 848 667 848 628 848 628 848 628 0 5 0 5
 16744703 5 848 693 848 693 848 726 55 726 55 706 55 706 0 5 0 5
 16744703 5 276 706 276 706 276 716 744 716 744 706 744 706 0 5 0 5
 16744703 5 957 574 957 574 957 603 848 603 848 602 848 602 0 14 0 5
 8388736 5 471 589 471 589 471 610 944 610 944 574 944 574 0 5 0 14
 4227200 5 996 587 996 587 996 588 1165 588 1165 574 1165 574 0 14 0 14
 16777215 5 1152 574 1152 574 1152 595 983 595 983 587 983 587 0 14 0 14
 8388736 5 1087 717 1087 717 1087 753 94 753 94 719 94 719 0 14 0 5
 8388736 5 1087 665 1087 665 1087 665 1087 626 1087 626 1087 626 0 14 0 14
 8388736 5 1087 613 1087 613 1087 609 1113 609 1113 574 1113 574 0 14 0 14
 16744703 5 1126 574 1126 574 1126 601 957 601 957 587 957 587 0 14 0 14
 12615808 5 1178 574 1178 574 1178 563 1295 563 1295 574 1295 574 0 14 0 14
 8388672 5 813 72 813 72 937 72 937 122 1474 122 1474 216 0 15 0 13
 16711680 5 1308 574 1308 574 1308 574 1308 574 1451 574 1451 574 0 14 0 14
 4227200 5 1672 574 1672 574 1672 588 1165 588 1165 587 1165 587 0 14 0 14
 16777215 5 1659 574 1659 574 1659 595 1152 595 1152 600 1152 600 0 14 0 14
 16744703 5 1126 600 1126 600 1126 603 1633 603 1633 574 1633 574 0 14 0 14
 8388736 5 1620 574 1620 574 1620 614 1113 614 1113 613 1113 613 0 14 0 14
 8454143 5 601 589 601 589 601 567 666 567 666 576 666 576 0 5 0 5
 8454143 5 666 628 666 628 666 628 666 667 666 667 666 667 0 5 0 5
 8454143 5 81 811 81 811 81 763 666 763 666 719 666 719 0 16 0 5
 8454143 5 679 576 679 576 679 576 679 576 640 576 640 576 0 5 0 5
 8454143 5 679 628 679 628 679 628 679 667 679 667 679 667 0 5 0 5
 8454143 5 68 811 68 811 68 775 679 775 679 719 679 719 0 16 0 5
 8421631 5 120 811 120 811 120 786 705 786 705 719 705 719 0 16 0 5
 8421631 5 757 615 757 615 757 615 705 615 705 615 705 615 0 5 0 5
 8421631 5 705 628 705 628 705 628 705 667 705 667 705 667 0 5 0 5
 8421631 5 1009 613 1009 613 1009 613 1035 613 1035 613 1035 613 0 14 0 14
 8421631 5 1035 626 1035 626 1035 626 1035 665 1035 665 1035 665 0 14 0 14
 8421631 5 1035 717 1035 717 1035 796 107 796 107 811 107 811 0 14 0 16
 12632256 5 94 811 94 811 94 811 159 811 159 811 159 811 0 16 0 16
 12632256 5 159 863 159 863 159 863 159 902 159 902 159 902 0 16 0 16
 12632256 5 172 863 172 863 172 863 172 902 172 902 172 902 0 16 0 16
 12632256 5 94 915 94 915 94 922 159 922 159 915 159 915 0 16 0 16
 12632256 5 107 915 107 915 107 929 172 929 172 915 172 915 0 16 0 16
 12632256 5 120 915 120 915 120 936 211 936 211 915 211 915 0 16 0 16
 12632256 5 354 863 354 863 354 863 354 902 354 902 354 902 0 16 0 16
 12632256 5 224 915 224 915 224 923 354 923 354 915 354 915 0 16 0 16
 12632256 5 354 811 354 811 354 816 445 816 445 811 445 811 0 16 0 16
 12632256 5 1425 626 1425 626 1425 626 1425 665 1425 665 1425 665 0 14 0 14
 12632256 5 1464 574 1464 574 1464 564 1425 564 1425 613 1425 613 0 14 0 14
 12632256 5 1425 717 1425 717 1425 802 432 802 432 811 432 811 0 14 0 16
 4227200 5 627 615 627 615 627 615 692 615 692 615 692 615 0 5 0 5
 4227200 5 692 667 692 667 692 667 692 628 692 628 692 628 0 5 0 5
 4227200 5 692 719 692 719 692 735 770 735 770 811 770 811 0 5 0 16
 4227200 5 549 628 549 628 549 628 549 667 549 667 549 667 0 5 0 5
 4227200 5 549 615 549 615 549 615 575 615 575 615 575 615 0 5 0 5
 4227200 5 549 719 549 719 549 744 757 744 757 811 757 811 0 5 0 16
 8388672 5 1282 574 1282 574 1282 537 1474 537 1474 359 1474 359 0 14 0 13
 8388672 5 1474 268 1474 268 1474 268 1474 307 1474 307 1474 307 0 13 0 13
 8388672 5 996 808 996 808 996 738 1256 738 1256 717 1256 717 0 17 0 14
 8388672 5 1256 626 1256 626 1256 626 1256 665 1256 665 1256 665 0 14 0 14
 8388672 5 1256 613 1256 613 1256 581 1282 581 1282 587 1282 587 0 14 0 14
 8388736 5 1087 704 1087 730 985 730 985 808 983 808 983 808 0 14 0 17
 16744703 5 848 719 848 719 848 728 957 728 957 808 957 808 0 5 0 17
 16777215 5 835 719 835 719 835 737 944 737 944 808 944 808 0 5 0 17
 33023 5 185 628 185 628 185 628 185 667 185 667 185 667 0 5 0 5
 33023 5 185 719 185 719 185 719 185 811 185 811 185 811 0 5 0 16
 33023 5 1113 808 1113 808 1113 827 185 827 185 824 185 824 0 17 0 16
 33023 5 1009 808 1009 808 1009 811 1126 811 1126 808 1126 808 0 17 0 17
 16744703 5 1334 808 1334 808 1334 793 957 793 957 821 957 821 0 17 0 17
 16777215 5 944 821 944 821 944 818 1321 818 1321 808 1321 808 0 17 0 17
 8388736 5 874 628 874 628 874 628 874 667 874 667 874 667 0 5 0 5
 8388736 5 1048 613 1048 613 1048 613 944 613 944 613 944 613 0 14 0 14
 8388736 5 1048 626 1048 626 1048 626 1048 665 1048 665 1048 665 0 14 0 14
 8388736 5 1048 717 1048 717 1048 780 1295 780 1295 808 1295 808 0 14 0 17
 33023 5 167 359 167 355 186 355 186 576 185 576 185 576 0 4 0 5
 33023 5 1282 808 1277 808 1277 827 1113 827 1113 821 1113 821 0 17 0 17
 16777215 5 1321 821 1321 821 1503 821 1503 821 1503 808 1503 808 0 17 0 17
 16744703 5 744 719 744 719 744 721 1412 721 1412 704 1412 704 0 5 0 14
 16744703 5 1490 808 1490 808 1490 731 1412 731 1412 717 1412 717 0 17 0 14
 4227327 5 1282 821 1282 821 1282 831 1477 831 1477 808 1477 808 0 17 0 17
 16777215 5 861 576 861 576 861 554 614 554 614 589 614 589 0 5 0 5
 16777215 5 861 628 861 628 861 628 861 667 861 667 861 667 0 5 0 5
 16777215 5 1594 691 1594 691 861 691 861 691 861 693 861 693 0 14 0 5
 16777215 5 1594 717 1594 717 1594 736 1633 736 1633 808 1633 808 0 14 0 17
 33023 5 1620 808 1620 808 1620 829 1477 829 1477 821 1477 821 0 17 0 17
 65535 5 1204 834 1204 834 1139 834 1139 834 1139 821 1139 821 0 17 0 17
 65535 5 1204 860 1204 860 1204 860 1204 899 1204 899 1204 899 0 17 0 17
 65535 5 1204 951 1204 951 1204 953 83 953 83 1044 82 1044 0 17 0 21
 65535 5 1347 847 1347 847 1347 847 1373 847 1373 847 1373 847 0 17 0 17
 65535 5 1373 860 1373 860 1372 860 1372 899 1373 899 1373 899 0 17 0 17
 65535 5 69 1044 69 1044 69 965 1373 965 1373 951 1373 951 0 21 0 17
 8421631 5 1542 860 1542 860 1542 860 1542 899 1542 899 1542 899 0 17 0 17
 8421631 5 1542 925 1542 925 1542 925 1386 925 1386 925 1386 925 0 17 0 17
 8421631 5 121 1044 121 1044 121 975 1386 975 1386 951 1386 951 0 21 0 17
 8421631 5 1594 860 1594 860 1594 860 1594 899 1594 899 1594 899 0 17 0 17
 8421631 5 1594 938 1594 938 1594 938 1399 938 1399 938 1399 938 0 17 0 17
 8421631 5 1399 951 1399 951 1399 985 108 985 108 1044 108 1044 0 17 0 21
 12632256 5 95 1057 95 1057 95 1057 160 1057 160 1057 160 1057 0 21 0 21
 12632256 5 134 1070 134 1070 134 1070 173 1070 173 1070 173 1070 0 21 0 21
 12632256 5 160 1096 160 1096 160 1096 160 1135 160 1135 160 1135 0 21 0 21
 12632256 5 173 1096 173 1096 173 1096 173 1135 173 1135 173 1135 0 21 0 21
 12632256 5 133 824 133 824 133 824 172 824 172 824 172 824 0 16 0 16
 12632256 5 95 1161 95 1161 95 1161 160 1161 160 1161 160 1161 0 21 0 21
 12632256 5 173 1174 173 1174 173 1174 108 1174 108 1174 108 1174 0 21 0 21
 12632256 5 121 1187 121 1187 121 1187 251 1187 251 1187 251 1187 0 21 0 21
 12632256 5 783 811 783 811 783 811 809 811 809 811 809 811 0 16 0 16
 12632256 5 796 824 796 824 796 824 848 824 848 824 848 824 0 16 0 16
 12632256 5 848 863 848 863 848 863 848 902 848 902 848 902 0 16 0 16
 12632256 5 264 1161 264 1161 264 1161 355 1161 355 1161 355 1161 0 21 0 21
 12632256 5 355 1135 355 1135 355 1135 355 1096 355 1096 355 1096 0 21 0 21
 12632256 5 355 1044 355 1044 355 995 848 995 848 954 848 954 0 21 0 16
 255 5 589 1278 589 1278 589 1278 589 1239 589 1239 589 1239 0 23 0 21
 255 5 758 1278 758 1278 758 1278 758 1239 758 1239 758 1239 0 23 0 21
 255 5 56 1278 56 1278 56 1262 95 1262 95 1239 95 1239 0 23 0 21
 255 5 94 1006 94 1006 34 1006 34 1239 82 1239 82 1239 0 16 0 21
 0 5 82 1226 82 1226 24 1226 24 993 81 993 81 993 0 21 0 16
 0 5 134 1382 134 1382 134 1382 147 1382 147 1382 147 1382 0 23 0 23
 0 5 147 1330 147 1330 147 1330 147 1369 147 1369 147 1369 0 23 0 23
 0 5 147 1278 147 1278 147 1278 147 1226 147 1226 147 1226 0 23 0 21
 0 5 316 1382 316 1382 316 1382 329 1382 329 1382 329 1382 0 23 0 23
 0 5 329 1369 329 1369 329 1369 329 1330 329 1330 329 1330 0 23 0 23
 0 5 329 1278 329 1278 329 1278 329 1226 329 1226 329 1226 0 23 0 21
 0 5 498 1382 498 1382 498 1382 511 1382 511 1382 511 1382 0 23 0 23
 0 5 511 1369 511 1369 511 1369 511 1330 511 1330 511 1330 0 23 0 23
 0 5 511 1278 511 1278 511 1278 511 1226 511 1226 511 1226 0 23 0 21
 0 5 667 1382 667 1382 667 1382 680 1382 680 1382 680 1382 0 23 0 23
 0 5 680 1330 680 1330 680 1330 680 1369 680 1369 680 1369 0 23 0 23
 0 5 680 1278 680 1278 680 1278 680 1226 680 1226 680 1226 0 23 0 21
 0 5 836 1382 836 1382 836 1382 849 1382 849 1382 849 1382 0 23 0 23
 0 5 849 1369 849 1369 849 1369 849 1330 849 1330 849 1330 0 23 0 23
 0 5 849 1278 849 1278 849 1278 849 1226 849 1226 849 1226 0 23 0 21
 8421631 5 1646 847 1646 847 1646 847 1594 847 1594 847 1594 847 0 17 0 17
 8421631 5 1516 847 1516 847 1516 847 1542 847 1542 847 1542 847 0 17 0 17
 16777215 5 944 834 944 834 944 837 944 837 874 837 874 837 0 17 0 16
 16777215 5 874 863 874 863 874 863 874 902 874 902 874 902 0 16 0 16
 16777215 5 446 1044 446 1044 446 1008 874 1008 874 954 874 954 0 21 0 16
 16777215 5 861 719 861 719 861 719 861 811 861 811 861 811 0 5 0 16
 16777215 5 861 863 861 863 861 863 861 902 861 902 861 902 0 16 0 16
 16777215 5 433 1044 433 1044 433 1017 861 1017 861 954 861 954 0 21 0 16
 8388672 5 1035 860 1035 860 1035 860 1035 899 1035 899 1035 899 0 17 0 17
 8388672 5 996 847 996 847 996 843 1035 843 1035 847 1035 847 0 17 0 17
 8388736 5 983 834 983 834 983 834 1048 834 1048 834 1048 834 0 17 0 17
 8388736 5 1048 860 1048 860 1048 860 1048 899 1048 899 1048 899 0 17 0 17
 8388736 5 810 1044 810 1044 810 1034 1048 1034 1048 951 1048 951 0 21 0 17
 4194368 5 823 1044 823 1044 823 1027 1035 1027 1035 951 1035 951 0 21 0 17
 16744703 5 957 847 957 847 957 853 1061 853 1061 847 1061 847 0 17 0 17
 16744703 5 1061 860 1061 860 1061 860 1061 899 1061 899 1061 899 0 17 0 17
 16744703 5 784 1044 784 1044 784 1043 1061 1043 1061 951 1061 951 0 21 0 17
 33023 5 771 1044 771 1044 771 1053 1074 1053 1074 951 1074 951 0 21 0 17
 33023 5 1074 860 1074 860 1074 860 1074 899 1074 899 1074 899 0 17 0 17
 33023 5 1074 834 1074 834 1074 834 1113 834 1113 834 1113 834 0 17 0 17
 16744703 5 784 1057 784 1057 784 1067 784 1067 1034 1067 1034 1067 0 21 0 20
 8388736 5 1256 899 1256 899 1256 899 1256 860 1256 860 1256 860 0 17 0 17
 8388736 5 1256 951 1256 951 1256 1074 1021 1074 1021 1067 1021 1067 0 17 0 20
 8388736 5 1256 847 1256 847 1256 847 1295 847 1295 847 1295 847 0 17 0 17
 33023 5 771 1057 771 1057 771 1078 1008 1078 1008 1067 1008 1067 0 21 0 20
 16744703 5 1425 847 1425 847 1425 847 1490 847 1490 847 1490 847 0 17 0 17
 16744703 5 1425 860 1425 860 1425 860 1425 899 1425 899 1425 899 0 17 0 17
 16744703 5 1216 1041 1216 1041 1216 1009 1425 1009 1425 951 1425 951 0 20 0 17
 33023 5 1203 1041 1203 1041 1203 938 1203 938 1074 938 1074 938 0 20 0 17
 7368816 5 459 1044 459 1044 459 1049 485 1049 485 1044 485 1044 0 21 0 21
 7368816 5 836 1083 836 1083 836 1087 1437 1087 1437 1041 1437 1041 0 21 0 20
 7368816 5 1047 1067 1047 1067 1424 1067 1424 1067 1424 1041 1424 1041 0 20 0 20
 7368816 5 1229 1054 1229 1054 1411 1054 1411 1054 1411 1041 1411 1041 0 20 0 20
 7368816 5 1450 1041 1450 1041 1450 1021 472 1021 472 1044 472 1044 0 20 0 21
 16744703 5 1554 1041 1554 1041 1554 1044 1216 1044 1216 1054 1216 1054 0 20 0 20
 16744703 5 1567 1041 1567 1041 1567 1095 1034 1095 1034 1080 1034 1080 0 20 0 20
 7368816 5 1580 1041 1580 1041 1580 1041 1606 1041 1606 1041 1606 1041 0 20 0 20
 8388672 5 121 1278 121 1278 121 1196 745 1196 745 1187 745 1187 0 23 0 21
 8388672 5 745 1083 745 1083 745 1083 823 1083 823 1083 823 1083 0 21 0 21
 8388736 5 108 1278 108 1278 108 1205 732 1205 732 1187 732 1187 0 23 0 21
 8388736 5 732 1135 732 1135 732 1135 732 1096 732 1096 732 1096 0 21 0 21
 8388672 5 745 1096 745 1096 745 1096 745 1135 745 1135 745 1135 0 21 0 21
 8388736 5 732 1057 732 1057 732 1061 810 1061 810 1057 810 1057 0 21 0 21
 33023 5 95 1278 95 1278 95 1217 719 1217 719 1187 719 1187 0 23 0 21
 33023 5 719 1096 719 1096 719 1096 719 1135 719 1135 719 1135 0 21 0 21
 33023 5 719 1070 719 1070 719 1070 771 1070 771 1070 771 1070 0 21 0 21
 8388736 5 1021 1080 1021 1080 1021 1081 1073 1081 1073 1080 1073 1080 0 20 0 20
 8388736 5 1073 1132 1073 1132 1073 1132 1073 1093 1073 1093 1073 1093 0 20 0 20
 8388736 5 264 1278 264 1278 264 1234 1073 1234 1073 1184 1073 1184 0 23 0 20
 33023 5 251 1278 251 1278 251 1245 719 1245 719 1174 719 1174 0 23 0 21
 65535 5 134 1278 134 1278 134 1258 459 1258 459 1278 459 1278 0 23 0 23
 65535 5 277 1278 277 1278 277 1269 446 1269 446 1278 446 1278 0 23 0 23
 7368816 5 1593 1054 1593 1054 1593 1054 1645 1054 1645 1054 1645 1054 0 20 0 20
 7368816 5 1645 1093 1645 1093 1645 1093 1645 1132 1645 1132 1645 1132 0 20 0 20
 7368816 5 1645 1184 1645 1184 1645 1286 433 1286 433 1278 433 1278 0 20 0 23
 8388736 5 732 1174 732 1174 732 1256 615 1256 615 1278 615 1278 0 21 0 23
 8388736 5 602 1278 602 1278 602 1265 1073 1265 1073 1171 1073 1171 0 23 0 20
 7368816 5 628 1278 628 1278 628 1271 654 1271 654 1278 654 1278 0 23 0 23
 8388672 5 784 1278 784 1278 784 1197 745 1197 745 1174 745 1174 0 23 0 21
 33023 5 719 1161 719 1161 719 1161 719 1278 771 1278 771 1278 0 21 0 23
 7368816 5 797 1278 797 1278 797 1296 641 1296 641 1278 641 1278 0 23 0 23
 8453888 5 654 1044 654 1044 654 1034 731 1034 731 954 731 954 0 21 0 16
 8453888 5 822 837 822 837 822 837 731 837 731 837 731 837 0 16 0 16
 8453888 5 498 1044 498 1044 498 1028 641 1028 641 1044 641 1044 0 21 0 21
 8453888 5 1619 1067 1619 1067 1619 1067 1658 1067 1658 1067 1658 1067 0 20 0 20
 8453888 5 1658 1093 1658 1093 1658 1093 1658 1132 1658 1132 1658 1132 0 20 0 20
 8453888 5 1658 1171 1658 1171 576 1171 576 1171 576 1161 576 1161 0 20 0 21
 8453888 5 576 1096 576 1096 576 1096 576 1135 576 1135 576 1135 0 21 0 21
 8453888 5 667 1278 667 1278 667 1181 563 1181 563 1174 563 1174 0 23 0 21
 8453888 5 563 1135 563 1135 563 1135 563 1096 563 1096 563 1096 0 21 0 21
 8453888 5 576 1044 576 1044 576 1049 615 1049 615 1044 615 1044 0 21 0 21
 8453888 5 563 1044 563 1044 563 1056 602 1056 602 1044 602 1044 0 21 0 21
 65793 5 1188 164 1188 164 1188 164 1188 73 1188 73 1188 73 0 13 0 24
 8421376 5 1671 1184 1671 1184 1671 1304 1671 1304 667 1304 667 1304 0 20 0 23
 8421376 5 1671 1132 1671 1132 1671 1132 1671 1093 1671 1093 1671 1093 0 20 0 20
 8421376 5 1671 1041 1671 1041 1671 951 1671 951 1711 951 1711 951 0 20 0 17
 8421376 5 1711 860 1711 860 1711 860 1711 899 1711 899 1711 899 0 17 0 17
 8421376 5 1711 808 1711 808 1711 808 1711 717 1711 717 1711 717 0 17 0 14
 8421376 5 1711 626 1711 626 1711 626 1711 665 1711 665 1711 665 0 14 0 14
 8421376 5 1711 574 1711 574 1711 434 1487 434 1487 359 1487 359 0 14 0 13
 8421376 5 1487 307 1487 307 1487 307 1487 268 1487 268 1487 268 0 13 0 13
 8421376 5 1487 216 1487 216 1487 74 1009 74 1009 81 1009 81 0 13 0 12
 8421376 5 1619 1080 1619 1080 1619 1080 1684 1080 1684 1080 1684 1080 0 20 0 20
 8421376 5 1684 1041 1684 1041 1684 959 1724 959 1724 951 1724 951 0 20 0 17
 8421376 5 1724 899 1724 899 1724 899 1724 860 1724 860 1724 860 0 17 0 17
 8421376 5 1724 717 1724 717 1724 717 1724 808 1724 808 1724 808 0 14 0 17
 8421376 5 1724 665 1724 665 1724 665 1724 626 1724 626 1724 626 0 14 0 14
 8421376 5 1724 574 1724 574 1724 417 1500 417 1500 359 1500 359 0 14 0 13
 8421376 5 1500 307 1500 307 1500 307 1500 268 1500 268 1500 268 0 13 0 13
 8421376 5 1500 216 1500 216 1500 85 1029 85 1029 81 1029 81 0 13 0 12
 5263440 5 498 1057 520 1057 520 1135 1697 1135 1697 1054 1697 1054 0 21 0 20
 5263440 5 1697 1041 1697 1041 1697 967 1737 967 1737 951 1737 951 0 20 0 17
 5263440 5 1737 860 1737 860 1737 860 1737 899 1737 899 1737 899 0 17 0 17
 5263440 5 1737 808 1737 808 1737 808 1737 717 1737 717 1737 717 0 17 0 14
 5263440 5 1737 665 1737 665 1737 665 1737 626 1737 626 1737 626 0 14 0 14
 5263440 5 1737 574 1737 574 1737 397 1513 397 1513 359 1513 359 0 14 0 13
 5263440 5 1513 307 1513 307 1513 307 1513 268 1513 268 1513 268 0 13 0 13
 5263440 5 1513 216 1513 216 1513 93 1049 93 1049 81 1049 81 0 13 0 12
 5263440 5 822 850 822 850 822 854 1750 854 1750 847 1750 847 0 16 0 17
 5263440 5 1750 808 1750 808 1750 808 1750 717 1750 717 1750 717 0 17 0 14
 5263440 5 1750 665 1750 665 1750 665 1750 626 1750 626 1750 626 0 14 0 14
 5263440 5 1750 574 1750 574 1750 376 1526 376 1526 359 1526 359 0 14 0 13
 5263440 5 1526 268 1526 268 1526 268 1526 307 1526 307 1526 307 0 13 0 13
 5263440 5 1526 216 1526 216 1526 104 1069 104 1069 81 1069 81 0 13 0 12
 16512 5 667 1083 667 1083 667 1156 1710 1156 1710 1093 1710 1093 0 21 0 20
 16512 5 1710 1041 1710 1041 1710 978 1750 978 1750 951 1750 951 0 20 0 17
 16512 5 1581 925 1581 925 1581 925 1750 925 1750 925 1750 925 0 17 0 17
 16512 5 1581 899 1581 899 1581 899 1581 860 1581 860 1581 860 0 17 0 17
 16512 5 1581 808 1581 808 1581 808 1581 717 1581 717 1581 717 0 17 0 14
 16512 5 1581 665 1581 665 1581 665 1581 626 1581 626 1581 626 0 14 0 14
 16512 5 1581 574 1581 574 1581 359 1581 359 1539 359 1539 359 0 14 0 13
 16512 5 1539 307 1539 307 1539 307 1539 268 1539 268 1539 268 0 13 0 13
 16512 5 1539 216 1539 216 1539 6 1411 6 1411 80 1223 80 0 13 0 24
 16512 5 419 811 419 811 523 811 523 811 523 719 523 719 0 16 0 5
 16512 5 523 628 523 628 523 628 523 667 523 667 523 667 0 5 0 5
 16512 5 523 576 523 576 523 548 1552 548 1552 359 1552 359 0 5 0 13
 16512 5 1552 307 1552 307 1552 307 1552 268 1552 268 1552 268 0 13 0 13
 16512 5 1552 216 1552 216 1552 17 1426 17 1426 80 1243 80 0 13 0 24
 8454143 5 224 928 224 928 224 928 718 928 718 928 718 928 0 16 0 16
 8454143 5 718 902 718 902 718 902 718 863 718 863 718 863 0 16 0 16
 8454143 5 718 811 718 811 718 706 536 706 536 719 536 719 0 16 0 5
 8454143 5 536 628 536 628 536 628 536 667 536 667 536 667 0 5 0 5
 8454143 5 536 576 536 576 536 570 1565 570 1565 359 1565 359 0 5 0 13
 8454143 5 1565 307 1565 307 1565 307 1565 268 1565 268 1565 268 0 13 0 13
 8454143 5 1565 216 1565 216 1565 31 1441 31 1441 80 1263 80 0 13 0 24
 8454143 5 1578 307 1578 307 1578 307 1578 268 1578 268 1578 268 0 13 0 13
 255 5 1685 574 1685 574 1685 359 1685 359 1591 359 1591 359 0 14 0 13
 255 5 1591 307 1591 307 1591 307 1591 268 1591 268 1591 268 0 13 0 13
 255 5 1591 216 1591 216 1591 44 1460 44 1460 80 1283 80 0 13 0 24
41
 7004 1 14 122 268 5 0 0 14668 4
 7011 1 14 291 268 5 0 0 13244 4
 7011 1 14 460 268 5 0 0 13244 4
 7011 1 14 629 268 5 0 0 13244 4
 7008 1 14 798 268 5 0 0 13244 4
 7008 1 14 1000 268 5 0 0 13244 13
 7008 1 14 1169 268 5 0 0 13244 13
 7008 1 14 1338 268 5 0 0 13244 13
 7002 1 14 49 628 5 0 0 13244 5
 7027 1 14 205 628 5 0 0 13244 5
 7027 1 14 387 628 5 0 0 13244 5
 7008 1 14 556 628 5 0 0 8240 5
 7011 1 14 725 628 5 0 0 8240 5
 7021 1 14 925 626 5 0 0 8240 14
 7021 1 14 1094 626 5 0 0 8240 14
 7008 1 14 1263 626 5 0 0 8240 14
 7004 1 14 1432 626 5 0 0 8240 14
 7020 1 14 1601 626 5 0 0 8240 14
 7032 1 14 49 863 5 0 0 8240 16
 7004 1 14 205 863 5 0 0 8240 16
 7002 1 14 361 863 5 0 0 8240 16
 7021 1 14 925 860 5 0 0 8240 17
 7008 1 14 1094 860 5 0 0 8240 17
 7021 1 14 1263 860 5 0 0 8240 17
 7011 1 14 1432 860 5 0 0 8240 17
 7008 1 14 1601 860 5 0 0 8240 17
 7086 1 14 738 863 5 0 0 8240 16
 7032 1 14 50 1096 5 0 0 8304 21
 7004 1 14 245 1096 5 0 0 8304 21
 7021 1 14 583 1096 5 0 0 8304 21
 7086 1 14 414 1096 5 0 0 8304 21
 7021 1 14 752 1096 5 0 0 8304 21
 7011 1 14 963 1093 5 0 0 8304 20
 7008 1 14 1184 1093 5 0 0 8304 20
 7027 1 14 1366 1093 5 0 0 8304 20
 7086 1 14 1535 1093 5 0 0 8304 20
 7011 1 14 50 1330 5 0 0 8304 23
 7008 1 14 232 1330 5 0 0 8304 23
 7002 1 14 414 1330 5 0 0 8304 23
 7086 1 14 583 1330 5 0 0 8304 23
 7000 1 14 752 1330 5 0 0 8304 23
