Version 0.9.7
5
 4 6 256 77 128 0 1
 5 100 400 206 81 2 2
 1 148 504 206 81 140 4
 6 286 17 449 130 160 6
 0 143 177 877 276 325 8
 0
22
 255 5 67 270 67 270 67 44 67 44 302 44 302 44 0 1 0 6
 255 5 67 283 67 283 115 283 115 515 163 515 163 515 0 1 0 4
 255 5 196 204 196 206 95 206 95 309 67 309 67 309 0 8 0 1
 255 5 950 204 950 204 950 204 950 438 950 438 950 438 0 8 0 8
 255 5 391 204 391 204 391 204 391 243 391 243 391 243 0 8 0 8
 65793 5 196 425 133 425 133 344 67 344 67 343 67 343 0 8 0 1
 65793 5 67 369 67 369 67 573 67 573 163 573 163 573 0 1 0 4
 65793 5 963 191 963 191 963 191 963 425 963 425 963 425 0 8 0 8
 16384 5 339 386 339 402 237 402 237 469 204 469 204 515 0 8 0 4
 16384 5 339 373 339 373 339 373 456 373 456 373 456 373 0 8 0 8
 16711680 5 323 140 323 140 323 198 430 198 430 243 430 243 0 6 0 8
 65793 5 482 386 482 386 482 386 482 425 482 425 482 425 0 8 0 8
 16744448 5 336 140 336 140 336 188 443 188 443 243 443 243 0 6 0 8
 33023 5 349 140 349 140 349 178 456 178 456 243 456 243 0 6 0 8
 4194432 5 362 140 362 140 362 169 469 169 469 243 469 243 0 6 0 8
 64 5 375 140 375 140 375 162 482 162 482 243 482 243 0 6 0 8
 16384 5 388 140 388 153 491 153 491 282 404 282 404 282 0 6 0 8
 65535 5 401 140 401 140 501 140 501 269 417 269 417 269 0 6 0 8
 4194432 5 404 347 404 347 404 347 365 347 365 347 365 347 0 8 0 8
 16744448 5 391 360 391 360 391 490 242 490 242 515 242 515 0 8 0 4
 4194432 5 223 515 223 478 284 478 284 426 365 426 365 386 0 4 0 8
 64 5 469 386 469 386 469 504 261 504 261 515 261 515 0 8 0 4
1
 7047 1 16 385 295 5 0 0 13720 8
